xof 0303txt 0032
template ColorRGBA {
 <35ff44e0-6c7c-11cf-8f52-0040333594a3>
 FLOAT red;
 FLOAT green;
 FLOAT blue;
 FLOAT alpha;
}

template ColorRGB {
 <d3e16e81-7835-11cf-8f52-0040333594a3>
 FLOAT red;
 FLOAT green;
 FLOAT blue;
}

template Material {
 <3d82ab4d-62da-11cf-ab39-0020af71e433>
 ColorRGBA faceColor;
 FLOAT power;
 ColorRGB specularColor;
 ColorRGB emissiveColor;
 [...]
}

template TextureFilename {
 <a42790e1-7810-11cf-8f52-0040333594a3>
 STRING filename;
}

template Frame {
 <3d82ab46-62da-11cf-ab39-0020af71e433>
 [...]
}

template Matrix4x4 {
 <f6f23f45-7686-11cf-8f52-0040333594a3>
 array FLOAT matrix[16];
}

template FrameTransformMatrix {
 <f6f23f41-7686-11cf-8f52-0040333594a3>
 Matrix4x4 frameMatrix;
}

template Vector {
 <3d82ab5e-62da-11cf-ab39-0020af71e433>
 FLOAT x;
 FLOAT y;
 FLOAT z;
}

template MeshFace {
 <3d82ab5f-62da-11cf-ab39-0020af71e433>
 DWORD nFaceVertexIndices;
 array DWORD faceVertexIndices[nFaceVertexIndices];
}

template Mesh {
 <3d82ab44-62da-11cf-ab39-0020af71e433>
 DWORD nVertices;
 array Vector vertices[nVertices];
 DWORD nFaces;
 array MeshFace faces[nFaces];
 [...]
}

template MeshNormals {
 <f6f23f43-7686-11cf-8f52-0040333594a3>
 DWORD nNormals;
 array Vector normals[nNormals];
 DWORD nFaceNormals;
 array MeshFace faceNormals[nFaceNormals];
}

template MeshMaterialList {
 <f6f23f42-7686-11cf-8f52-0040333594a3>
 DWORD nMaterials;
 DWORD nFaceIndexes;
 array DWORD faceIndexes[nFaceIndexes];
 [Material <3d82ab4d-62da-11cf-ab39-0020af71e433>]
}

template Coords2d {
 <f6f23f44-7686-11cf-8f52-0040333594a3>
 FLOAT u;
 FLOAT v;
}

template MeshTextureCoords {
 <f6f23f40-7686-11cf-8f52-0040333594a3>
 DWORD nTextureCoords;
 array Coords2d textureCoords[nTextureCoords];
}

template XSkinMeshHeader {
 <3cf169ce-ff7c-44ab-93c0-f78f62d172e2>
 WORD nMaxSkinWeightsPerVertex;
 WORD nMaxSkinWeightsPerFace;
 WORD nBones;
}

template SkinWeights {
 <6f0d123b-bad2-4167-a0d0-80224f25fabb>
 STRING transformNodeName;
 DWORD nWeights;
 array DWORD vertexIndices[nWeights];
 array FLOAT weights[nWeights];
 Matrix4x4 matrixOffset;
}

template AnimTicksPerSecond {
 <9e415a43-7ba6-4a73-8743-b73d47e88476>
 DWORD AnimTicksPerSecond;
}

template Animation {
 <3d82ab4f-62da-11cf-ab39-0020af71e433>
 [...]
}

template AnimationSet {
 <3d82ab50-62da-11cf-ab39-0020af71e433>
 [Animation <3d82ab4f-62da-11cf-ab39-0020af71e433>]
}

template FloatKeys {
 <10dd46a9-775b-11cf-8f52-0040333594a3>
 DWORD nValues;
 array FLOAT values[nValues];
}

template TimedFloatKeys {
 <f406b180-7b3b-11cf-8f52-0040333594a3>
 DWORD time;
 FloatKeys tfkeys;
}

template AnimationKey {
 <10dd46a8-775b-11cf-8f52-0040333594a3>
 DWORD keyType;
 DWORD nKeys;
 array TimedFloatKeys keys[nKeys];
}


Material _06_-_Defaultqqq {
 1.000000;1.000000;1.000000;1.000000;;
 9.999999;
 0.000000;0.000000;0.000000;;
 0.000000;0.000000;0.000000;;

 TextureFilename {
  "Boilersuit_Spiifo.png";
 }
}

Frame Dummy01 {
 

 FrameTransformMatrix {
  1.000000,0.000000,0.000000,0.000000,0.000000,-0.000000,-1.000000,0.000000,0.000000,1.000000,-0.000000,0.000000,0.000000,0.000000,0.000000,1.000000;;
 }

 Frame Bip01 {
  

  FrameTransformMatrix {
   -0.086823,0.993118,-0.078605,0.000000,0.007596,0.079560,0.996801,0.000000,0.996195,0.085948,-0.014451,0.000000,-0.010000,-0.012284,0.487369,1.000000;;
  }

  Frame Bip01_Pelvis {
   

   FrameTransformMatrix {
    -0.042264,0.984200,0.171942,0.000000,0.027524,-0.170883,0.984907,0.000000,0.998727,0.046358,-0.019867,0.000000,0.000000,0.000000,0.000000,1.000000;;
   }

   Frame Bip01_Spine {
    

    FrameTransformMatrix {
     0.987767,-0.086566,-0.129706,0.000000,0.086190,0.996242,-0.008523,0.000000,0.129957,-0.002760,0.991516,0.000000,0.050807,-0.008823,0.002310,1.000000;;
    }

    Frame Bip01_Spine1 {
     

     FrameTransformMatrix {
      0.988533,-0.132590,0.072259,0.000000,0.142448,0.977605,-0.154911,0.000000,-0.050101,0.163428,0.985282,0.000000,0.106484,-0.000014,-0.000084,1.000000;;
     }

     Frame Bip01_Neck {
      

      FrameTransformMatrix {
       0.917306,0.000001,0.398183,0.000000,-0.000001,1.000000,-0.000000,0.000000,-0.398183,-0.000000,0.917306,0.000000,0.130515,0.000000,0.004627,1.000000;;
      }

      Frame Bip01_Head {
       

       FrameTransformMatrix {
        0.976746,-0.007464,-0.214270,0.000000,0.023983,0.996925,0.074597,0.000000,0.213054,-0.078002,0.973922,0.000000,0.033674,0.000000,-0.000000,1.000000;;
       }

       Frame Bip01_HeadNub {
        

        FrameTransformMatrix {
         1.000000,0.000000,0.000000,0.000000,0.000000,1.000000,-0.000000,0.000000,0.000000,0.000000,1.000000,0.000000,0.169824,0.000000,-0.000000,1.000000;;
        }
       }
      }

      Frame Bip01_L_Clavicle {
       

       FrameTransformMatrix {
        -0.253901,0.960903,0.110451,0.000000,0.881137,0.276885,-0.383317,0.000000,-0.398913,-0.000003,-0.916989,0.000000,-0.023890,0.015715,0.005326,1.000000;;
       }

       Frame Bip01_L_UpperArm {
        

        FrameTransformMatrix {
         0.328221,-0.888363,0.321064,0.000000,0.922887,0.374043,0.091495,0.000000,-0.201373,0.266276,0.942627,0.000000,0.087086,0.000000,0.000000,1.000000;;
        }

        Frame Bip01_L_Forearm {
         

         FrameTransformMatrix {
          0.943939,0.000000,-0.330119,0.000000,-0.000000,1.000000,0.000000,0.000000,0.330119,0.000000,0.943939,0.000000,0.137062,0.000000,0.000000,1.000000;;
         }

         Frame Bip01_L_Hand {
          

          FrameTransformMatrix {
           1.000000,0.000000,-0.000000,0.000000,-0.000000,0.000796,1.000000,0.000000,0.000000,-1.000000,0.000796,0.000000,0.137062,0.000000,-0.000000,1.000000;;
          }

          Frame Bip01_L_Finger0 {
           

           FrameTransformMatrix {
            0.690342,-0.181728,0.700288,0.000000,0.558537,0.749101,-0.356210,0.000000,-0.459853,0.637043,0.618637,0.000000,0.057681,-0.023605,-0.000272,1.000000;;
           }

           Frame Bip01_L_Finger0Nub {
            

            FrameTransformMatrix {
             1.000000,-0.000000,0.000000,0.000000,-0.000000,1.000000,0.000000,0.000000,0.000000,0.000000,1.000000,0.000000,0.029435,-0.000000,0.000000,1.000000;;
            }
           }
          }

          Frame Bip01_L_Finger1 {
           

           FrameTransformMatrix {
            0.728079,-0.000546,0.685493,0.000000,-0.000000,1.000000,0.000796,0.000000,-0.685493,-0.000580,0.728079,0.000000,0.084102,0.000000,0.000000,1.000000;;
           }

           Frame Bip01_L_Finger1Nub {
            

            FrameTransformMatrix {
             1.000000,0.000000,0.000000,0.000000,0.000000,1.000000,0.000000,0.000000,-0.000000,0.000000,1.000000,0.000000,0.047988,0.000000,0.000000,1.000000;;
            }
           }
          }
         }
        }
       }
      }

      Frame Bip01_R_Clavicle {
       

       FrameTransformMatrix {
        -0.126461,-0.990445,0.055016,0.000000,-0.908227,0.137910,0.395101,0.000000,-0.398913,-0.000003,-0.916989,0.000000,-0.023890,-0.015714,0.005326,1.000000;;
       }

       Frame Bip01_R_UpperArm {
        

        FrameTransformMatrix {
         0.344214,0.938788,0.013900,0.000000,-0.909330,0.329655,0.253862,0.000000,0.233741,-0.100022,0.967141,0.000000,0.087086,0.000000,0.000000,1.000000;;
        }

        Frame Bip01_R_Forearm {
         

         FrameTransformMatrix {
          0.971548,-0.000000,-0.236845,0.000000,0.000000,1.000000,-0.000000,0.000000,0.236845,0.000000,0.971547,0.000000,0.137062,0.000000,-0.000000,1.000000;;
         }

         Frame Bip01_R_Hand {
          

          FrameTransformMatrix {
           0.975195,0.000000,-0.221346,0.000000,-0.221346,0.000796,-0.975195,0.000000,0.000176,1.000000,0.000777,0.000000,0.137062,0.000000,-0.000000,1.000000;;
          }

          Frame Bip01_R_Finger0 {
           

           FrameTransformMatrix {
            0.417774,-0.116941,0.900994,0.000000,-0.558537,0.749101,0.356210,0.000000,-0.716591,-0.652054,0.247639,0.000000,0.057681,0.023605,-0.000272,1.000000;;
           }

           Frame Bip01_R_Finger0Nub {
            

            FrameTransformMatrix {
             -1.000000,-0.000000,0.000000,0.000000,-0.000000,1.000000,0.000000,0.000000,0.000000,0.000000,-1.000000,0.000000,0.029435,0.000000,0.000000,1.000000;;
            }
           }
          }

          Frame Bip01_R_Finger1 {
           

           FrameTransformMatrix {
            0.352436,0.000745,0.935835,0.000000,-0.081563,0.996219,0.029924,0.000000,-0.932275,-0.086876,0.351165,0.000000,0.084102,0.000000,0.000000,1.000000;;
           }

           Frame Bip01_R_Finger1Nub {
            

            FrameTransformMatrix {
             -1.000000,0.000000,0.000000,0.000000,-0.000000,1.000000,0.000000,0.000000,0.000000,-0.000000,-1.000000,0.000000,0.047988,0.000000,0.000000,1.000000;;
            }
           }
          }
         }
        }
       }
      }
     }

     Frame Bip01_BackPack {
      

      FrameTransformMatrix {
       0.180560,0.080500,-0.980264,0.000000,0.047560,0.994765,0.090451,0.000000,0.982413,-0.062954,0.175786,0.000000,0.063697,0.000003,-0.088856,1.000000;;
      }

      Frame Bip01_BackPackNub {
       

       FrameTransformMatrix {
        0.000796,0.000003,1.000000,0.000000,0.000000,-1.000000,0.000003,0.000000,1.000000,-0.000000,-0.000796,0.000000,0.053240,0.000000,0.000000,1.000000;;
       }
      }
     }
    }

    Frame Bip01_L_Thigh {
     

     FrameTransformMatrix {
      -0.896114,0.099687,0.432484,0.000000,-0.110664,-0.993858,-0.000216,0.000000,0.429806,-0.048054,0.901641,0.000000,-0.055430,0.059448,-0.009069,1.000000;;
     }

     Frame Bip01_L_Calf {
      

      FrameTransformMatrix {
       0.925355,-0.000000,-0.379102,0.000000,0.000000,1.000000,-0.000000,0.000000,0.379102,-0.000000,0.925355,0.000000,0.237500,0.000000,0.000000,1.000000;;
      }

      Frame Bip01_L_Foot {
       

       FrameTransformMatrix {
        0.972362,-0.021824,0.232456,0.000000,0.014595,0.999356,0.032776,0.000000,-0.233022,-0.028477,0.972054,0.000000,0.206841,0.000000,0.000000,1.000000;;
       }

       Frame Bip01_L_Toe0 {
        

        FrameTransformMatrix {
         0.203422,-0.052732,0.977670,0.000000,0.010742,0.998609,0.051627,0.000000,-0.979032,-0.000000,0.203705,0.000000,0.065373,-0.000000,0.066450,1.000000;;
        }

        Frame Bip01_L_Toe0Nub {
         

         FrameTransformMatrix {
          -1.000000,0.000000,0.000000,0.000000,0.000000,1.000000,0.000000,0.000000,-0.000000,0.000000,-1.000000,0.000000,0.006735,0.000000,-0.000000,1.000000;;
         }
        }
       }
      }
     }
    }

    Frame Bip01_R_Thigh {
     

     FrameTransformMatrix {
      -0.973817,0.129476,-0.186863,0.000000,-0.128549,-0.991556,-0.017118,0.000000,-0.187501,0.007351,0.982237,0.000000,-0.045868,-0.050587,-0.008765,1.000000;;
     }

     Frame Bip01_R_Calf {
      

      FrameTransformMatrix {
       0.781916,0.000000,-0.623383,0.000000,0.000000,1.000000,-0.000000,0.000000,0.623384,0.000000,0.781916,0.000000,0.237500,0.000000,0.000000,1.000000;;
      }

      Frame Bip01_R_Foot {
       

       FrameTransformMatrix {
        0.985240,0.095666,-0.141951,0.000000,-0.074722,0.986433,0.146169,0.000000,0.154009,-0.133405,0.979022,0.000000,0.206841,0.000000,-0.000000,1.000000;;
       }

       Frame Bip01_R_Toe0 {
        

        FrameTransformMatrix {
         0.000001,0.000002,1.000000,0.000000,0.000001,1.000000,-0.000002,0.000000,-1.000000,0.000001,0.000001,0.000000,0.065373,-0.000000,0.066450,1.000000;;
        }

        Frame Bip01_R_Toe0Nub {
         

         FrameTransformMatrix {
          1.000000,0.000000,0.000000,0.000000,-0.000000,1.000000,0.000000,0.000000,-0.000000,-0.000000,1.000000,0.000000,0.006735,0.000000,0.000000,1.000000;;
         }
        }
       }
      }
     }
    }
   }

   Frame Bip01_DressFront {
    

    FrameTransformMatrix {
     -0.934132,0.128225,0.333101,0.000000,0.240714,0.915391,0.322671,0.000000,-0.263543,0.381599,-0.885961,0.000000,-0.043963,0.001344,0.061071,1.000000;;
    }

    Frame Bip01_DressFront02 {
     

     FrameTransformMatrix {
      0.912593,0.000001,0.408870,0.000000,-0.000001,1.000000,-0.000000,0.000000,-0.408870,-0.000000,0.912593,0.000000,0.183378,-0.000000,-0.000120,1.000000;;
     }

     Frame Bip01_DressFrontNub {
      

      FrameTransformMatrix {
       0.000796,0.000003,1.000000,0.000000,-0.000000,-1.000000,0.000003,0.000000,1.000000,0.000000,-0.000796,0.000000,0.165302,-0.000000,0.000000,1.000000;;
      }
     }
    }
   }

   Frame Bip01_DressBack {
    

    FrameTransformMatrix {
     -0.858478,0.255632,0.444600,0.000000,0.369004,0.909942,0.189318,0.000000,-0.356164,0.326584,-0.875494,0.000000,-0.047682,-0.000046,-0.078297,1.000000;;
    }

    Frame Bip01_DressBack02 {
     

     FrameTransformMatrix {
      0.933670,-0.058589,0.353309,0.000000,0.015064,0.992079,0.124707,0.000000,-0.357817,-0.111113,0.927157,0.000000,0.176198,0.000012,-0.000101,1.000000;;
     }

     Frame Bip01_DressBackNub {
      

      FrameTransformMatrix {
       0.000796,0.000003,1.000000,0.000000,0.000000,-1.000000,0.000003,0.000000,1.000000,0.000000,-0.000796,0.000000,0.136508,0.000000,-0.000000,1.000000;;
      }
     }
    }
   }
  }

  Frame Bip01_Prop1 {
   

   FrameTransformMatrix {
    0.449916,-0.886582,0.107463,0.000000,0.798979,0.453351,0.395101,0.000000,-0.399008,-0.091902,0.912330,0.000000,0.046954,-0.088180,-0.111402,1.000000;;
   }
  }

  Frame Bip01_Prop2 {
   

   FrameTransformMatrix {
    0.270457,0.549392,-0.790583,0.000000,0.312120,-0.826870,-0.467833,0.000000,-0.910732,-0.120228,-0.395110,0.000000,-0.061738,-0.027278,0.132557,1.000000;;
   }
  }
 }
}

Frame Translation_Data {
 

 FrameTransformMatrix {
  1.000000,0.000000,0.000000,0.000000,0.000000,-0.000000,-1.000000,0.000000,0.000000,1.000000,-0.000000,0.000000,0.000000,0.000000,0.000000,1.000000;;
 }
}

Frame Kate_SpiffoSuit {
 

 FrameTransformMatrix {
  1.000000,0.000000,0.000000,0.000000,0.000000,1.000000,0.000000,0.000000,0.000000,0.000000,1.000000,0.000000,0.000000,0.000000,0.000000,1.000000;;
 }

 Mesh Kate_SpiffoSuit {
  459;
  0.064368;0.744493;-0.010933;,
  0.034981;0.749976;-0.011375;,
  0.068985;0.760717;-0.000361;,
  0.068231;0.704783;-0.020508;,
  0.054365;0.674678;-0.047740;,
  0.047333;0.706795;-0.034292;,
  0.074616;0.672979;-0.029191;,
  0.024815;0.795142;0.040547;,
  0.071901;0.766891;0.064963;,
  0.064728;0.779249;0.037750;,
  0.041330;0.769323;0.069193;,
  0.081231;0.533055;0.045531;,
  0.039399;0.570238;0.065654;,
  0.050873;0.548178;0.078854;,
  0.069938;0.564077;0.035935;,
  0.074922;0.549752;-0.006804;,
  0.083138;0.515249;-0.001092;,
  0.046807;0.535593;-0.032229;,
  0.064164;0.486685;-0.016522;,
  0.027906;0.479120;-0.025264;,
  0.026661;0.672986;-0.049101;,
  0.021901;0.696575;-0.037431;,
  -0.000874;0.558338;0.067293;,
  0.006553;0.537942;0.080748;,
  0.043164;0.632149;0.065993;,
  -0.002198;0.663032;0.067624;,
  0.001756;0.633635;0.069818;,
  0.043674;0.675111;0.071220;,
  0.041866;0.456597;-0.042566;,
  0.081091;0.355244;-0.072414;,
  0.039922;0.374140;-0.095575;,
  0.088927;0.433118;-0.002235;,
  0.034240;0.286525;-0.139294;,
  0.060683;0.276092;-0.114789;,
  -0.006653;0.433159;0.003179;,
  0.014628;0.321897;-0.006904;,
  0.013061;0.420984;0.072907;,
  -0.011083;0.359249;-0.065767;,
  0.023204;0.260266;-0.069586;,
  0.002618;0.276327;-0.113551;,
  0.078997;0.387801;0.035217;,
  0.070890;0.327272;-0.018617;,
  0.053471;0.263785;-0.071186;,
  0.057492;-0.000257;-0.164170;,
  0.012936;-0.015431;-0.125516;,
  0.012608;-0.000120;-0.165462;,
  0.053840;-0.014667;-0.127606;,
  0.036132;0.239580;-0.137985;,
  0.058883;0.147936;-0.132152;,
  0.031377;0.160102;-0.152582;,
  0.069567;0.210417;-0.123846;,
  0.049718;0.073488;-0.143790;,
  0.029068;0.081429;-0.168258;,
  -0.000904;0.205433;-0.122264;,
  0.018709;0.144613;-0.082660;,
  0.019089;0.221369;-0.059053;,
  0.007164;0.147340;-0.130822;,
  0.021427;0.070594;-0.112243;,
  0.011864;0.062818;-0.146354;,
  0.063706;0.144585;-0.087682;,
  0.071068;0.216575;-0.066362;,
  0.049648;0.073729;-0.114220;,
  0.089101;0.475348;0.011055;,
  -0.006653;0.433159;0.003179;,
  -0.021336;0.442519;-0.015210;,
  0.081832;0.486402;0.066485;,
  0.048332;0.507043;0.097835;,
  0.079376;0.428377;0.057461;,
  0.037931;0.448071;0.091322;,
  0.036623;0.588196;0.064092;,
  0.063933;0.632469;0.056764;,
  0.071484;0.638816;0.037468;,
  0.068883;0.634149;-0.000688;,
  0.076994;0.674325;0.039285;,
  0.071073;0.645571;0.001271;,
  0.046111;0.632293;-0.030343;,
  0.049881;0.633741;-0.027525;,
  0.025442;0.637142;-0.031729;,
  0.020870;0.636535;-0.031245;,
  0.130788;0.699689;0.015159;,
  0.092618;0.648049;0.021894;,
  0.089824;0.690570;0.010667;,
  0.142768;0.654225;0.035480;,
  0.099039;0.597688;0.040680;,
  0.141865;0.604257;0.059321;,
  0.074979;0.708899;0.058017;,
  0.092618;0.648049;0.021894;,
  0.080745;0.664655;0.078074;,
  0.089824;0.690570;0.010667;,
  0.089637;0.613658;0.093016;,
  0.099039;0.597688;0.040680;,
  0.089134;0.735277;0.060614;,
  0.096170;0.712822;0.066404;,
  0.085944;0.725869;0.051025;,
  0.129716;0.617068;0.093441;,
  0.128565;0.668569;0.081164;,
  0.131217;0.710212;0.049888;,
  0.149958;0.580582;0.056906;,
  0.114248;0.510318;0.045593;,
  0.097596;0.568794;0.037902;,
  0.151040;0.520649;0.053875;,
  0.122700;0.472417;0.047498;,
  0.152344;0.473487;0.054974;,
  0.097596;0.568794;0.037902;,
  0.108654;0.516628;0.094389;,
  0.089611;0.577671;0.099676;,
  0.114248;0.510318;0.045593;,
  0.124128;0.472522;0.091887;,
  0.122700;0.472417;0.047498;,
  0.137760;0.525242;0.100596;,
  0.136997;0.586552;0.101053;,
  0.142819;0.474106;0.094047;,
  0.128585;0.336974;0.040472;,
  0.114049;0.368136;0.088104;,
  0.123644;0.351460;0.036761;,
  0.119007;0.353742;0.090660;,
  0.121584;0.389996;0.024371;,
  0.141245;0.375661;0.033507;,
  0.124790;0.379215;0.036504;,
  0.135586;0.384762;0.014436;,
  0.117695;0.443339;0.094063;,
  0.138635;0.411243;0.042329;,
  0.125349;0.401026;0.096796;,
  0.126540;0.444844;0.037307;,
  0.144081;0.398014;0.102109;,
  0.147769;0.444859;0.102668;,
  0.163111;0.448577;0.045392;,
  0.166542;0.407392;0.049798;,
  0.104521;0.768865;0.046083;,
  0.109193;0.765880;0.022969;,
  0.064728;0.779249;0.037750;,
  0.068564;0.776833;0.019536;,
  0.067497;0.683183;0.070590;,
  0.033573;0.791310;0.018951;,
  0.103128;0.751793;-0.003951;,
  0.064368;0.744493;-0.010933;,
  0.068985;0.760717;-0.000361;,
  0.095214;0.730734;-0.007672;,
  0.045135;0.726809;0.079272;,
  -0.004433;0.767259;0.066769;,
  -0.003981;0.710192;0.074260;,
  0.071901;0.766891;0.064963;,
  0.077831;0.732718;0.069550;,
  0.080126;0.713756;0.019065;,
  0.087143;0.716954;0.001556;,
  0.082129;0.727078;0.060263;,
  0.071392;0.724917;-0.011060;,
  0.078617;0.665477;0.000570;,
  0.077729;0.676036;0.016636;,
  0.075428;0.676648;0.057148;,
  0.126540;0.444844;0.037307;,
  0.037216;0.815844;0.016646;,
  0.023875;0.821226;0.037387;,
  -0.004099;0.794789;0.044758;,
  -0.002227;0.823513;0.042758;,
  0.166542;0.407392;0.049798;,
  0.128585;0.336974;0.040472;,
  0.119007;0.353742;0.090660;,
  0.130457;0.411700;0.023575;,
  0.154884;0.407833;0.016701;,
  0.130457;0.411700;0.023575;,
  0.138817;0.400356;0.043948;,
  0.156446;0.398627;0.042306;,
  0.156446;0.398627;0.042306;,
  0.121584;0.389996;0.024371;,
  0.135586;0.384762;0.014436;,
  0.141245;0.375661;0.033507;,
  0.061388;0.049073;-0.209370;,
  0.024582;0.041952;-0.262307;,
  0.027087;0.061523;-0.246043;,
  0.066482;0.026989;-0.226634;,
  0.008321;0.019889;-0.111792;,
  0.012608;-0.000120;-0.165462;,
  0.012936;-0.015431;-0.125516;,
  0.003840;0.028052;-0.156097;,
  0.021427;0.070594;-0.112243;,
  0.057720;0.023701;-0.113424;,
  0.049648;0.073729;-0.114220;,
  0.057492;-0.000257;-0.164170;,
  0.053840;-0.014667;-0.127606;,
  0.060237;0.037709;-0.151644;,
  0.029068;0.081429;-0.168258;,
  0.049718;0.073488;-0.143790;,
  -0.000575;0.053132;-0.234055;,
  -0.002477;0.036684;-0.249378;,
  0.066482;0.026989;-0.226634;,
  -0.002477;0.036684;-0.249378;,
  -0.011083;0.359249;-0.065767;,
  0.002618;0.276327;-0.113551;,
  -0.000904;0.205433;-0.122264;,
  0.007164;0.147340;-0.130822;,
  0.011864;0.062818;-0.146354;,
  0.011864;0.062818;-0.146354;,
  -0.019421;0.429884;0.027794;,
  0.027459;0.802232;-0.001317;,
  0.033573;0.791310;0.018951;,
  0.023174;0.776852;0.005548;,
  0.037216;0.815844;0.016646;,
  0.068564;0.776833;0.019536;,
  0.001703;0.762953;-0.014767;,
  -0.008553;0.541638;-0.034258;,
  -0.015398;0.479169;-0.025781;,
  0.002323;0.505238;0.100797;,
  -0.005038;0.467580;0.099138;,
  -0.008068;0.454920;0.093059;,
  -0.019421;0.429884;0.027794;,
  -0.003109;0.598352;-0.032147;,
  0.038266;0.596886;-0.028276;,
  0.064100;0.596575;0.001426;,
  0.062452;0.589833;0.038587;,
  0.000013;0.587368;0.067925;,
  0.068564;0.776833;0.019536;,
  0.116431;0.713291;0.062734;,
  0.024582;0.041952;-0.262307;,
  0.076140;0.730602;0.072157;,
  0.082129;0.727078;0.060263;,
  0.077831;0.732718;0.069550;,
  0.073549;0.705696;0.032911;,
  0.080126;0.713756;0.019065;,
  0.076545;0.695511;-0.005289;,
  0.071392;0.724917;-0.011060;,
  0.026845;0.644763;-0.042146;,
  0.055351;0.641980;-0.039429;,
  0.072142;0.647269;-0.017860;,
  0.043901;0.721149;-0.028739;,
  0.071392;0.724917;-0.011060;,
  0.087143;0.716954;0.001556;,
  0.004115;0.712179;-0.035276;,
  0.002300;0.745142;-0.023330;,
  0.014718;0.674107;-0.044103;,
  0.014958;0.646880;-0.037374;,
  -0.000603;0.786695;-0.023292;,
  0.005993;0.648969;-0.037289;,
  0.005764;0.674474;-0.043593;,
  0.073549;0.705696;0.032911;,
  -0.061564;0.743560;-0.020228;,
  -0.067204;0.762384;-0.010333;,
  -0.032115;0.748612;-0.016353;,
  -0.060983;0.701250;-0.030122;,
  -0.041627;0.672054;-0.054882;,
  -0.064276;0.669182;-0.039525;,
  -0.038417;0.704450;-0.040672;,
  -0.032048;0.793587;0.036316;,
  -0.079563;0.768339;0.053859;,
  -0.050692;0.768034;0.062383;,
  -0.067637;0.780952;0.028060;,
  -0.074306;0.559973;0.061005;,
  -0.037181;0.578730;0.072963;,
  -0.070813;0.580926;0.049448;,
  -0.034808;0.563006;0.087379;,
  -0.082428;0.571372;0.008484;,
  -0.091003;0.545387;0.016233;,
  -0.061824;0.551870;-0.021586;,
  -0.085809;0.509935;-0.003766;,
  -0.054763;0.494913;-0.016942;,
  -0.013976;0.671875;-0.052125;,
  -0.012284;0.695640;-0.039974;,
  -0.000874;0.558338;0.067293;,
  0.006553;0.537942;0.080748;,
  -0.040772;0.634409;0.065704;,
  -0.002198;0.663032;0.067624;,
  -0.048685;0.672585;0.064348;,
  0.001756;0.633635;0.069818;,
  -0.069895;0.453376;-0.013366;,
  -0.101051;0.353143;0.032970;,
  -0.114182;0.460629;0.032550;,
  -0.065592;0.353993;-0.003502;,
  -0.058163;0.254005;0.014035;,
  -0.080001;0.264057;0.041949;,
  -0.027498;0.436303;0.006537;,
  -0.022989;0.364341;0.092985;,
  -0.009643;0.359025;0.020082;,
  -0.033107;0.443318;0.089602;,
  -0.035544;0.283040;0.077120;,
  -0.022595;0.263769;0.033192;,
  -0.092756;0.433405;0.092388;,
  -0.080610;0.362487;0.090202;,
  -0.065943;0.285050;0.078586;,
  -0.060052;0.076808;0.242958;,
  -0.017333;0.111417;0.269165;,
  -0.058102;0.108260;0.266725;,
  -0.015157;0.077083;0.243736;,
  -0.054782;0.222888;0.052639;,
  -0.066906;0.172795;0.131974;,
  -0.083016;0.217573;0.089284;,
  -0.043497;0.163011;0.105930;,
  -0.051440;0.118173;0.182364;,
  -0.034841;0.102845;0.158328;,
  -0.012738;0.213508;0.083122;,
  -0.020931;0.208829;0.157708;,
  -0.015630;0.171799;0.125135;,
  -0.026524;0.274080;0.111234;,
  -0.019404;0.140584;0.198959;,
  -0.013261;0.108435;0.183331;,
  -0.065951;0.206291;0.161793;,
  -0.078211;0.267066;0.118813;,
  -0.047829;0.141833;0.199730;,
  -0.105346;0.509689;0.030578;,
  -0.027498;0.436303;0.006537;,
  -0.082743;0.523143;0.083123;,
  -0.039497;0.523822;0.106676;,
  -0.095567;0.467888;0.086029;,
  -0.049105;0.471262;0.103920;,
  -0.036332;0.592799;0.067291;,
  -0.061851;0.634976;0.055180;,
  -0.068437;0.641207;0.035186;,
  -0.076824;0.670119;0.027840;,
  -0.063999;0.635706;-0.003789;,
  -0.063793;0.641884;-0.008764;,
  -0.039153;0.633019;-0.032688;,
  -0.037964;0.631340;-0.034061;,
  -0.013393;0.636080;-0.034619;,
  -0.010633;0.636079;-0.033059;,
  -0.122865;0.713289;-0.020887;,
  -0.085034;0.701415;-0.006424;,
  -0.091709;0.657948;-0.009243;,
  -0.141970;0.665771;-0.021507;,
  -0.105207;0.603995;-0.010094;,
  -0.151668;0.611061;-0.014208;,
  -0.096981;0.706578;0.044849;,
  -0.091709;0.657948;-0.009243;,
  -0.085034;0.701415;-0.006424;,
  -0.110647;0.659678;0.047425;,
  -0.123766;0.609277;0.042187;,
  -0.105207;0.603995;-0.010094;,
  -0.102731;0.735601;0.048193;,
  -0.095926;0.724982;0.040662;,
  -0.119609;0.710535;0.042190;,
  -0.158658;0.616076;0.023369;,
  -0.153485;0.667534;0.027060;,
  -0.141263;0.715387;0.010324;,
  -0.157531;0.588119;-0.024310;,
  -0.120949;0.517486;-0.027895;,
  -0.156956;0.529516;-0.037260;,
  -0.102680;0.574898;-0.016670;,
  -0.129386;0.481304;-0.035716;,
  -0.158853;0.483528;-0.043727;,
  -0.102680;0.574898;-0.016670;,
  -0.140487;0.516321;0.017591;,
  -0.120949;0.517486;-0.027895;,
  -0.126632;0.574227;0.041506;,
  -0.152971;0.472514;0.000456;,
  -0.129386;0.481304;-0.035716;,
  -0.168799;0.526323;0.009960;,
  -0.168366;0.586676;0.020780;,
  -0.170286;0.475312;-0.006514;,
  -0.103893;0.370583;-0.080403;,
  -0.134971;0.377542;-0.031038;,
  -0.132629;0.362979;-0.035591;,
  -0.105671;0.385773;-0.076645;,
  -0.107826;0.416808;-0.068825;,
  -0.123198;0.398098;-0.078267;,
  -0.108116;0.411883;-0.086082;,
  -0.115865;0.403283;-0.063715;,
  -0.147195;0.439402;-0.005086;,
  -0.135821;0.430296;-0.067874;,
  -0.125588;0.461705;-0.053433;,
  -0.151794;0.400104;-0.022145;,
  -0.170277;0.397794;-0.028567;,
  -0.177409;0.441571;-0.013037;,
  -0.161252;0.466922;-0.064281;,
  -0.163200;0.427561;-0.077482;,
  -0.108975;0.774750;0.029169;,
  -0.108942;0.772940;0.005485;,
  -0.067637;0.780952;0.028060;,
  -0.068716;0.778940;0.009496;,
  -0.072556;0.679354;0.060170;,
  -0.037295;0.789372;0.013678;,
  -0.098967;0.759164;-0.019422;,
  -0.061564;0.743560;-0.020228;,
  -0.092254;0.736216;-0.021186;,
  -0.067204;0.762384;-0.010333;,
  -0.054128;0.724095;0.071886;,
  -0.004433;0.767259;0.066769;,
  -0.003981;0.710192;0.074260;,
  -0.079563;0.768339;0.053859;,
  -0.088622;0.731604;0.058609;,
  -0.078907;0.710581;0.009184;,
  -0.089301;0.722546;0.049105;,
  -0.085198;0.721278;-0.008915;,
  -0.066596;0.721145;-0.021327;,
  -0.072221;0.661353;-0.010653;,
  -0.074294;0.671880;0.005324;,
  -0.078045;0.672452;0.045729;,
  -0.125588;0.461705;-0.053433;,
  -0.040654;0.814065;0.015739;,
  -0.028063;0.820039;0.036782;,
  -0.004099;0.794789;0.044758;,
  -0.002227;0.823513;0.042758;,
  -0.163200;0.427561;-0.077482;,
  -0.103893;0.370583;-0.080403;,
  -0.132629;0.362979;-0.035591;,
  -0.119235;0.436710;-0.076730;,
  -0.131692;0.434659;-0.096250;,
  -0.119235;0.436710;-0.076730;,
  -0.136060;0.419976;-0.069705;,
  -0.147221;0.418444;-0.081355;,
  -0.147221;0.418444;-0.081355;,
  -0.107826;0.416808;-0.068825;,
  -0.108116;0.411883;-0.086082;,
  -0.123198;0.398098;-0.078267;,
  -0.061275;0.046411;0.183240;,
  -0.022551;-0.005249;0.176958;,
  -0.066085;0.023692;0.199746;,
  -0.025339;0.015582;0.162393;,
  -0.012622;0.134266;0.238951;,
  -0.015157;0.077083;0.243736;,
  -0.006255;0.093953;0.219356;,
  -0.017333;0.111417;0.269165;,
  -0.019404;0.140584;0.198959;,
  -0.061841;0.132088;0.233460;,
  -0.047829;0.141833;0.199730;,
  -0.060052;0.076808;0.242958;,
  -0.062600;0.098971;0.209669;,
  -0.058102;0.108260;0.266725;,
  -0.034841;0.102845;0.158328;,
  -0.051440;0.118173;0.182364;,
  0.001674;0.025783;0.174457;,
  0.003879;0.006677;0.186250;,
  -0.066085;0.023692;0.199746;,
  0.003879;0.006677;0.186250;,
  -0.009643;0.359025;0.020082;,
  -0.022595;0.263769;0.033192;,
  -0.012738;0.213508;0.083122;,
  -0.015630;0.171799;0.125135;,
  -0.013261;0.108435;0.183331;,
  -0.013261;0.108435;0.183331;,
  -0.029860;0.800923;-0.001984;,
  -0.037295;0.789372;0.013678;,
  -0.040654;0.814065;0.015739;,
  -0.024258;0.775555;0.002019;,
  -0.068716;0.778940;0.009496;,
  0.002323;0.505238;0.100797;,
  -0.005038;0.467580;0.099138;,
  -0.008068;0.454920;0.093059;,
  -0.019421;0.429884;0.027794;,
  -0.043886;0.602069;-0.024674;,
  -0.067151;0.604857;0.007182;,
  -0.063590;0.597786;0.044114;,
  0.000013;0.587368;0.067925;,
  -0.068716;0.778940;0.009496;,
  -0.135186;0.713878;0.029136;,
  -0.022551;-0.005249;0.176958;,
  -0.085767;0.726009;0.061880;,
  -0.088622;0.731604;0.058609;,
  -0.089301;0.722546;0.049105;,
  -0.074325;0.702041;0.023153;,
  -0.078907;0.710581;0.009184;,
  -0.070940;0.691479;-0.016263;,
  -0.066596;0.721145;-0.021327;,
  -0.013653;0.643655;-0.045159;,
  -0.042053;0.639316;-0.046677;,
  -0.062112;0.643598;-0.027849;,
  -0.036629;0.718947;-0.034730;,
  -0.066596;0.721145;-0.021327;,
  -0.085198;0.721278;-0.008915;,
  -0.002982;0.673623;-0.045420;,
  -0.002734;0.646396;-0.038691;,
  -0.074325;0.702041;0.023153;;
  688;
  3;0,1,2;,
  3;3,4,5;,
  3;4,3,6;,
  3;7,8,9;,
  3;8,7,10;,
  3;11,12,13;,
  3;12,11,14;,
  3;15,11,16;,
  3;11,15,14;,
  3;17,18,19;,
  3;18,17,15;,
  3;5,20,21;,
  3;20,5,4;,
  3;13,22,23;,
  3;22,13,12;,
  3;24,25,26;,
  3;25,24,27;,
  3;28,29,30;,
  3;29,28,31;,
  3;29,32,30;,
  3;32,29,33;,
  3;34,35,36;,
  3;35,34,37;,
  3;37,38,35;,
  3;38,37,39;,
  3;35,40,36;,
  3;40,35,41;,
  3;35,42,41;,
  3;42,35,38;,
  3;40,29,31;,
  3;29,40,41;,
  3;41,33,29;,
  3;33,41,42;,
  3;43,44,45;,
  3;44,43,46;,
  3;47,48,49;,
  3;48,47,50;,
  3;49,51,52;,
  3;51,49,48;,
  3;53,54,55;,
  3;54,53,56;,
  3;56,57,54;,
  3;57,56,58;,
  3;55,59,60;,
  3;59,55,54;,
  3;54,61,59;,
  3;61,54,57;,
  3;60,48,50;,
  3;48,60,59;,
  3;59,51,48;,
  3;51,59,61;,
  3;31,18,62;,
  3;18,31,28;,
  3;19,63,64;,
  3;13,65,11;,
  3;65,13,66;,
  3;66,67,65;,
  3;67,66,68;,
  3;68,36,67;,
  3;47,33,50;,
  3;33,47,32;,
  3;50,42,60;,
  3;42,50,33;,
  3;42,55,60;,
  3;55,42,38;,
  3;38,53,55;,
  3;53,38,39;,
  3;11,62,16;,
  3;62,11,65;,
  3;65,31,62;,
  3;31,65,67;,
  3;67,40,31;,
  3;69,70,24;,
  3;71,72,73;,
  3;74,75,76;,
  3;75,74,72;,
  3;75,77,76;,
  3;77,75,78;,
  3;79,80,81;,
  3;82,83,80;,
  3;83,82,84;,
  3;85,86,87;,
  3;86,85,88;,
  3;86,89,87;,
  3;89,86,90;,
  3;91,85,92;,
  3;85,91,93;,
  3;87,94,95;,
  3;94,87,89;,
  3;96,95,82;,
  3;95,84,82;,
  3;84,95,94;,
  3;97,98,99;,
  3;98,97,100;,
  3;100,101,98;,
  3;101,100,102;,
  3;103,104,105;,
  3;104,103,106;,
  3;106,107,104;,
  3;107,106,108;,
  3;105,109,110;,
  3;109,105,104;,
  3;104,111,109;,
  3;111,104,107;,
  3;110,100,97;,
  3;100,110,109;,
  3;109,102,100;,
  3;102,109,111;,
  3;112,113,114;,
  3;113,112,115;,
  3;116,117,118;,
  3;117,116,119;,
  3;120,121,122;,
  3;121,120,123;,
  3;120,124,125;,
  3;124,120,122;,
  3;126,124,127;,
  3;124,126,125;,
  3;94,97,84;,
  3;97,94,110;,
  3;84,99,83;,
  3;99,84,97;,
  3;89,103,105;,
  3;103,89,90;,
  3;105,94,89;,
  3;94,105,110;,
  3;128,96,129;,
  3;129,130,128;,
  3;130,129,131;,
  3;70,27,24;,
  3;27,70,132;,
  3;9,133,7;,
  3;134,135,136;,
  3;135,134,137;,
  3;79,137,134;,
  3;8,10,138;,
  3;138,139,140;,
  3;139,138,10;,
  3;128,130,141;,
  3;91,141,142;,
  3;93,143,144;,
  3;143,93,145;,
  3;146,144,143;,
  3;147,148,74;,
  3;73,149,71;,
  3;102,150,101;,
  3;150,102,126;,
  3;102,125,126;,
  3;125,102,111;,
  3;111,120,125;,
  3;120,111,107;,
  3;120,108,123;,
  3;108,120,107;,
  3;7,151,152;,
  3;151,7,133;,
  3;153,152,154;,
  3;152,153,7;,
  3;122,114,113;,
  3;114,122,121;,
  3;121,112,114;,
  3;112,121,155;,
  3;156,124,157;,
  3;124,156,127;,
  3;157,122,113;,
  3;122,157,124;,
  3;126,158,150;,
  3;158,126,159;,
  3;160,121,123;,
  3;121,160,161;,
  3;121,162,155;,
  3;162,121,161;,
  3;163,126,127;,
  3;126,163,159;,
  3;159,164,158;,
  3;164,159,165;,
  3;160,118,161;,
  3;118,160,116;,
  3;161,117,162;,
  3;117,161,118;,
  3;163,165,159;,
  3;165,163,166;,
  3;167,168,169;,
  3;168,167,170;,
  3;171,172,173;,
  3;172,171,174;,
  3;175,176,177;,
  3;176,175,171;,
  3;178,176,179;,
  3;176,178,180;,
  3;181,167,169;,
  3;167,181,182;,
  3;172,183,184;,
  3;183,172,174;,
  3;45,185,43;,
  3;185,45,186;,
  3;178,167,180;,
  3;167,178,170;,
  3;19,28,63;,
  3;18,28,19;,
  3;28,30,187;,
  3;30,188,187;,
  3;188,30,32;,
  3;32,189,188;,
  3;189,32,47;,
  3;189,49,190;,
  3;49,189,47;,
  3;190,52,191;,
  3;52,190,49;,
  3;181,183,192;,
  3;183,181,169;,
  3;169,184,183;,
  3;184,169,168;,
  3;183,174,192;,
  3;192,171,175;,
  3;171,192,174;,
  3;176,173,179;,
  3;173,176,171;,
  3;177,180,182;,
  3;180,177,176;,
  3;180,167,182;,
  3;15,16,18;,
  3;16,62,18;,
  3;63,193,64;,
  3;194,195,196;,
  3;195,194,197;,
  3;133,9,198;,
  3;1,199,196;,
  3;19,200,17;,
  3;200,19,201;,
  3;23,66,13;,
  3;66,23,202;,
  3;66,203,68;,
  3;203,66,202;,
  3;203,36,68;,
  3;36,203,204;,
  3;153,139,10;,
  3;204,205,36;,
  3;36,205,34;,
  3;206,17,200;,
  3;17,206,207;,
  3;207,15,17;,
  3;15,207,208;,
  3;208,14,15;,
  3;14,208,209;,
  3;14,69,12;,
  3;69,14,209;,
  3;12,210,22;,
  3;210,12,69;,
  3;195,211,196;,
  3;196,211,2;,
  3;136,129,134;,
  3;129,136,131;,
  3;129,79,134;,
  3;79,129,96;,
  3;96,82,79;,
  3;95,96,212;,
  3;28,187,63;,
  3;185,186,213;,
  3;209,71,70;,
  3;214,215,216;,
  3;149,70,71;,
  3;70,149,132;,
  3;70,69,209;,
  3;153,10,7;,
  3;138,132,214;,
  3;132,138,27;,
  3;132,215,214;,
  3;215,132,149;,
  3;215,73,217;,
  3;73,215,149;,
  3;217,148,218;,
  3;148,217,73;,
  3;219,218,148;,
  3;218,219,220;,
  3;221,4,222;,
  3;4,221,20;,
  3;222,6,223;,
  3;6,222,4;,
  3;224,0,220;,
  3;0,224,1;,
  3;225,137,226;,
  3;137,225,135;,
  3;137,79,226;,
  3;91,145,93;,
  3;145,91,142;,
  3;227,1,224;,
  3;1,227,228;,
  3;76,223,74;,
  3;223,76,222;,
  3;147,6,219;,
  3;219,3,220;,
  3;220,5,224;,
  3;5,220,3;,
  3;224,21,227;,
  3;229,21,20;,
  3;230,20,221;,
  3;20,230,229;,
  3;76,221,222;,
  3;6,147,223;,
  3;148,147,219;,
  3;223,147,74;,
  3;19,64,201;,
  3;26,69,24;,
  3;69,26,210;,
  3;196,231,194;,
  3;231,196,199;,
  3;140,27,138;,
  3;27,140,25;,
  3;67,36,40;,
  3;141,91,128;,
  3;80,79,82;,
  3;128,91,212;,
  3;96,128,212;,
  3;221,76,77;,
  3;229,232,233;,
  3;232,229,230;,
  3;21,229,233;,
  3;221,77,230;,
  3;21,233,227;,
  3;21,224,5;,
  3;3,219,6;,
  3;143,145,234;,
  3;79,81,226;,
  3;88,93,144;,
  3;93,88,85;,
  3;87,92,85;,
  3;91,92,212;,
  3;92,95,212;,
  3;95,92,87;,
  3;216,138,214;,
  3;138,216,8;,
  3;2,1,196;,
  3;199,1,228;,
  3;78,75,207;,
  3;207,72,208;,
  3;72,207,75;,
  3;71,208,72;,
  3;208,71,209;,
  3;206,78,207;,
  3;78,206,232;,
  3;230,78,232;,
  3;78,230,77;,
  3;148,72,74;,
  3;72,148,73;,
  3;235,236,237;,
  3;238,239,240;,
  3;239,238,241;,
  3;242,243,244;,
  3;243,242,245;,
  3;246,247,248;,
  3;247,246,249;,
  3;250,246,248;,
  3;246,250,251;,
  3;252,253,250;,
  3;253,252,254;,
  3;241,255,239;,
  3;255,241,256;,
  3;249,257,247;,
  3;257,249,258;,
  3;259,260,261;,
  3;260,259,262;,
  3;263,264,265;,
  3;264,263,266;,
  3;264,267,268;,
  3;267,264,266;,
  3;269,270,271;,
  3;270,269,272;,
  3;271,273,274;,
  3;273,271,270;,
  3;270,275,276;,
  3;275,270,272;,
  3;270,277,273;,
  3;277,270,276;,
  3;275,264,276;,
  3;264,275,265;,
  3;276,268,277;,
  3;268,276,264;,
  3;278,279,280;,
  3;279,278,281;,
  3;282,283,284;,
  3;283,282,285;,
  3;285,286,283;,
  3;286,285,287;,
  3;288,289,290;,
  3;289,288,291;,
  3;290,292,293;,
  3;292,290,289;,
  3;291,294,289;,
  3;294,291,295;,
  3;289,296,292;,
  3;296,289,294;,
  3;295,283,294;,
  3;283,295,284;,
  3;294,286,296;,
  3;286,294,283;,
  3;265,253,263;,
  3;253,265,297;,
  3;254,64,298;,
  3;249,299,300;,
  3;299,249,246;,
  3;300,301,302;,
  3;301,300,299;,
  3;302,301,272;,
  3;282,268,267;,
  3;268,282,284;,
  3;284,277,268;,
  3;277,284,295;,
  3;277,291,273;,
  3;291,277,295;,
  3;273,288,274;,
  3;288,273,291;,
  3;246,297,299;,
  3;297,246,251;,
  3;299,265,301;,
  3;265,299,297;,
  3;301,265,275;,
  3;303,259,304;,
  3;305,306,307;,
  3;308,309,307;,
  3;309,308,310;,
  3;309,311,312;,
  3;311,309,310;,
  3;313,314,315;,
  3;316,317,318;,
  3;317,316,315;,
  3;319,320,321;,
  3;320,319,322;,
  3;320,323,324;,
  3;323,320,322;,
  3;325,319,326;,
  3;319,325,327;,
  3;322,328,323;,
  3;328,322,329;,
  3;330,316,329;,
  3;329,318,328;,
  3;318,329,316;,
  3;331,332,333;,
  3;332,331,334;,
  3;333,335,336;,
  3;335,333,332;,
  3;337,338,339;,
  3;338,337,340;,
  3;339,341,342;,
  3;341,339,338;,
  3;340,343,338;,
  3;343,340,344;,
  3;338,345,341;,
  3;345,338,343;,
  3;344,333,343;,
  3;333,344,331;,
  3;343,336,345;,
  3;336,343,333;,
  3;346,347,348;,
  3;347,346,349;,
  3;350,351,352;,
  3;351,350,353;,
  3;354,355,356;,
  3;355,354,357;,
  3;354,358,357;,
  3;358,354,359;,
  3;360,358,359;,
  3;358,360,361;,
  3;328,331,344;,
  3;331,328,318;,
  3;318,334,331;,
  3;334,318,317;,
  3;323,337,324;,
  3;337,323,340;,
  3;340,328,344;,
  3;328,340,323;,
  3;362,363,330;,
  3;363,364,365;,
  3;364,363,362;,
  3;304,261,366;,
  3;261,304,259;,
  3;245,242,367;,
  3;368,369,370;,
  3;369,368,371;,
  3;313,368,370;,
  3;243,372,244;,
  3;372,373,244;,
  3;373,372,374;,
  3;362,375,364;,
  3;325,376,375;,
  3;326,377,378;,
  3;377,326,379;,
  3;380,377,379;,
  3;381,308,382;,
  3;306,305,383;,
  3;336,384,360;,
  3;384,336,335;,
  3;336,359,345;,
  3;359,336,360;,
  3;345,354,341;,
  3;354,345,359;,
  3;354,342,341;,
  3;342,354,356;,
  3;242,385,367;,
  3;385,242,386;,
  3;387,386,242;,
  3;386,387,388;,
  3;357,349,355;,
  3;349,357,347;,
  3;355,346,389;,
  3;346,355,349;,
  3;390,358,361;,
  3;358,390,391;,
  3;391,357,358;,
  3;357,391,347;,
  3;360,392,393;,
  3;392,360,384;,
  3;394,355,395;,
  3;355,394,356;,
  3;355,396,395;,
  3;396,355,389;,
  3;397,360,393;,
  3;360,397,361;,
  3;393,398,399;,
  3;398,393,392;,
  3;394,353,350;,
  3;353,394,395;,
  3;395,351,353;,
  3;351,395,396;,
  3;397,399,400;,
  3;399,397,393;,
  3;401,402,403;,
  3;402,401,404;,
  3;405,406,407;,
  3;406,405,408;,
  3;409,410,405;,
  3;410,409,411;,
  3;412,410,413;,
  3;410,412,414;,
  3;415,401,416;,
  3;401,415,404;,
  3;406,417,407;,
  3;417,406,418;,
  3;281,419,420;,
  3;419,281,278;,
  3;412,401,403;,
  3;401,412,413;,
  3;254,298,263;,
  3;253,254,263;,
  3;263,421,266;,
  3;266,422,267;,
  3;422,266,421;,
  3;267,423,282;,
  3;423,267,422;,
  3;423,285,282;,
  3;285,423,424;,
  3;424,287,285;,
  3;287,424,425;,
  3;415,417,404;,
  3;417,415,426;,
  3;404,418,402;,
  3;418,404,417;,
  3;417,426,407;,
  3;426,405,407;,
  3;405,426,409;,
  3;410,408,405;,
  3;408,410,414;,
  3;411,413,410;,
  3;413,411,416;,
  3;413,416,401;,
  3;250,253,251;,
  3;251,253,297;,
  3;298,64,193;,
  3;427,428,429;,
  3;428,427,430;,
  3;367,431,245;,
  3;237,430,199;,
  3;254,200,201;,
  3;200,254,252;,
  3;258,300,432;,
  3;300,258,249;,
  3;300,433,432;,
  3;433,300,302;,
  3;433,272,434;,
  3;272,433,302;,
  3;387,244,373;,
  3;434,272,435;,
  3;272,269,435;,
  3;206,252,436;,
  3;252,206,200;,
  3;436,250,437;,
  3;250,436,252;,
  3;437,248,438;,
  3;248,437,250;,
  3;248,303,438;,
  3;303,248,247;,
  3;247,439,303;,
  3;439,247,257;,
  3;428,430,440;,
  3;430,236,440;,
  3;371,363,365;,
  3;363,371,368;,
  3;313,363,368;,
  3;363,313,330;,
  3;330,313,316;,
  3;329,441,330;,
  3;263,298,421;,
  3;419,442,420;,
  3;438,304,305;,
  3;443,444,445;,
  3;383,304,366;,
  3;304,383,305;,
  3;304,438,303;,
  3;387,242,244;,
  3;372,366,261;,
  3;366,372,443;,
  3;366,445,383;,
  3;445,366,443;,
  3;445,306,383;,
  3;306,445,446;,
  3;446,382,306;,
  3;382,446,447;,
  3;448,447,449;,
  3;447,448,382;,
  3;450,239,255;,
  3;239,450,451;,
  3;451,240,239;,
  3;240,451,452;,
  3;453,235,237;,
  3;235,453,449;,
  3;454,370,369;,
  3;370,454,455;,
  3;370,455,313;,
  3;325,378,376;,
  3;378,325,326;,
  3;227,237,228;,
  3;237,227,453;,
  3;310,452,451;,
  3;452,310,308;,
  3;381,448,240;,
  3;448,449,238;,
  3;449,241,238;,
  3;241,449,453;,
  3;453,227,256;,
  3;456,255,256;,
  3;457,255,456;,
  3;255,457,450;,
  3;310,451,450;,
  3;240,452,381;,
  3;382,448,381;,
  3;452,308,381;,
  3;254,201,64;,
  3;262,303,439;,
  3;303,262,259;,
  3;430,231,199;,
  3;231,430,427;,
  3;374,261,260;,
  3;261,374,372;,
