xof 0303txt 0032
template ColorRGBA {
 <35ff44e0-6c7c-11cf-8f52-0040333594a3>
 FLOAT red;
 FLOAT green;
 FLOAT blue;
 FLOAT alpha;
}

template ColorRGB {
 <d3e16e81-7835-11cf-8f52-0040333594a3>
 FLOAT red;
 FLOAT green;
 FLOAT blue;
}

template Material {
 <3d82ab4d-62da-11cf-ab39-0020af71e433>
 ColorRGBA faceColor;
 FLOAT power;
 ColorRGB specularColor;
 ColorRGB emissiveColor;
 [...]
}

template TextureFilename {
 <a42790e1-7810-11cf-8f52-0040333594a3>
 STRING filename;
}

template Frame {
 <3d82ab46-62da-11cf-ab39-0020af71e433>
 [...]
}

template Matrix4x4 {
 <f6f23f45-7686-11cf-8f52-0040333594a3>
 array FLOAT matrix[16];
}

template FrameTransformMatrix {
 <f6f23f41-7686-11cf-8f52-0040333594a3>
 Matrix4x4 frameMatrix;
}

template Vector {
 <3d82ab5e-62da-11cf-ab39-0020af71e433>
 FLOAT x;
 FLOAT y;
 FLOAT z;
}

template MeshFace {
 <3d82ab5f-62da-11cf-ab39-0020af71e433>
 DWORD nFaceVertexIndices;
 array DWORD faceVertexIndices[nFaceVertexIndices];
}

template Mesh {
 <3d82ab44-62da-11cf-ab39-0020af71e433>
 DWORD nVertices;
 array Vector vertices[nVertices];
 DWORD nFaces;
 array MeshFace faces[nFaces];
 [...]
}

template MeshNormals {
 <f6f23f43-7686-11cf-8f52-0040333594a3>
 DWORD nNormals;
 array Vector normals[nNormals];
 DWORD nFaceNormals;
 array MeshFace faceNormals[nFaceNormals];
}

template MeshMaterialList {
 <f6f23f42-7686-11cf-8f52-0040333594a3>
 DWORD nMaterials;
 DWORD nFaceIndexes;
 array DWORD faceIndexes[nFaceIndexes];
 [Material <3d82ab4d-62da-11cf-ab39-0020af71e433>]
}

template Coords2d {
 <f6f23f44-7686-11cf-8f52-0040333594a3>
 FLOAT u;
 FLOAT v;
}

template MeshTextureCoords {
 <f6f23f40-7686-11cf-8f52-0040333594a3>
 DWORD nTextureCoords;
 array Coords2d textureCoords[nTextureCoords];
}

template XSkinMeshHeader {
 <3cf169ce-ff7c-44ab-93c0-f78f62d172e2>
 WORD nMaxSkinWeightsPerVertex;
 WORD nMaxSkinWeightsPerFace;
 WORD nBones;
}

template SkinWeights {
 <6f0d123b-bad2-4167-a0d0-80224f25fabb>
 STRING transformNodeName;
 DWORD nWeights;
 array DWORD vertexIndices[nWeights];
 array FLOAT weights[nWeights];
 Matrix4x4 matrixOffset;
}

template AnimTicksPerSecond {
 <9e415a43-7ba6-4a73-8743-b73d47e88476>
 DWORD AnimTicksPerSecond;
}

template Animation {
 <3d82ab4f-62da-11cf-ab39-0020af71e433>
 [...]
}

template AnimationSet {
 <3d82ab50-62da-11cf-ab39-0020af71e433>
 [Animation <3d82ab4f-62da-11cf-ab39-0020af71e433>]
}

template FloatKeys {
 <10dd46a9-775b-11cf-8f52-0040333594a3>
 DWORD nValues;
 array FLOAT values[nValues];
}

template TimedFloatKeys {
 <f406b180-7b3b-11cf-8f52-0040333594a3>
 DWORD time;
 FloatKeys tfkeys;
}

template AnimationKey {
 <10dd46a8-775b-11cf-8f52-0040333594a3>
 DWORD keyType;
 DWORD nKeys;
 array TimedFloatKeys keys[nKeys];
}


Material Material__176 {
 1.000000;1.000000;1.000000;1.000000;;
 9.999999;
 0.000000;0.000000;0.000000;;
 0.000000;0.000000;0.000000;;

 TextureFilename {
  "DuffelBag02.png";
 }
}

Frame Dummy01 {
 

 FrameTransformMatrix {
  1.000000,0.000000,0.000000,0.000000,0.000000,-0.000000,-1.000000,0.000000,0.000000,1.000000,-0.000000,0.000000,0.000000,0.000000,0.000000,1.000000;;
 }

 Frame Bip01 {
  

  FrameTransformMatrix {
   -0.087155,0.982405,-0.165183,0.000000,-0.000001,0.165814,0.986157,0.000000,0.996195,0.085949,-0.014450,0.000000,-0.010000,-0.012284,0.490453,1.000000;;
  }

  Frame Bip01_Pelvis {
   

   FrameTransformMatrix {
    0.000000,1.000000,-0.000001,0.000000,-0.000001,0.000001,1.000000,0.000000,1.000000,0.000000,0.000001,0.000000,0.000000,0.000000,0.000000,1.000000;;
   }

   Frame Bip01_Spine {
    

    FrameTransformMatrix {
     0.984686,0.000002,-0.174337,0.000000,-0.000001,1.000000,0.000004,0.000000,0.174337,-0.000004,0.984686,0.000000,0.051619,0.000000,-0.000083,1.000000;;
    }

    Frame Bip01_Spine1 {
     

     FrameTransformMatrix {
      0.997819,0.052687,0.039774,0.000000,-0.044862,0.983198,-0.176942,0.000000,-0.048428,0.174771,0.983417,0.000000,0.106484,-0.000015,-0.000083,1.000000;;
     }

     Frame Bip01_Neck {
      

      FrameTransformMatrix {
       0.966067,-0.020835,0.257451,0.000000,0.025191,0.999590,-0.013632,0.000000,-0.257061,0.019655,0.966195,0.000000,0.130511,-0.000001,0.004626,1.000000;;
      }

      Frame Bip01_Head {
       

       FrameTransformMatrix {
        0.989321,-0.051753,-0.136255,0.000000,0.064251,0.993958,0.088989,0.000000,0.130826,-0.096793,0.986669,0.000000,0.033674,-0.000000,-0.000000,1.000000;;
       }

       Frame Bip01_HeadNub {
        

        FrameTransformMatrix {
         1.000000,-0.000000,-0.000000,0.000000,-0.000000,1.000000,0.000000,0.000000,0.000000,-0.000000,1.000000,0.000000,0.169824,0.000000,0.000000,1.000000;;
        }
       }
      }

      Frame Bip01_L_Clavicle {
       

       FrameTransformMatrix {
        -0.205975,0.976135,0.068811,0.000000,0.943873,0.216738,-0.249254,0.000000,-0.258220,0.013609,-0.965990,0.000000,-0.024734,0.015166,0.002017,1.000000;;
       }

       Frame Bip01_L_UpperArm {
        

        FrameTransformMatrix {
         0.385871,-0.777669,0.496320,0.000000,0.922466,0.332598,-0.196046,0.000000,-0.012616,0.533487,0.845714,0.000000,0.087086,-0.000000,-0.000000,1.000000;;
        }

        Frame Bip01_L_Forearm {
         

         FrameTransformMatrix {
          0.943939,0.000000,-0.330119,0.000000,0.000000,1.000000,-0.000000,0.000000,0.330119,-0.000000,0.943939,0.000000,0.137062,0.000000,0.000000,1.000000;;
         }

         Frame Bip01_L_Hand {
          

          FrameTransformMatrix {
           1.000000,-0.000000,0.000000,0.000000,0.000000,0.000796,1.000000,0.000000,0.000000,-1.000000,0.000796,0.000000,0.137062,0.000000,0.000000,1.000000;;
          }

          Frame Bip01_L_Finger0 {
           

           FrameTransformMatrix {
            0.690342,-0.181727,0.700288,0.000000,0.558537,0.749101,-0.356210,0.000000,-0.459853,0.637043,0.618637,0.000000,0.057681,-0.023605,-0.000272,1.000000;;
           }

           Frame Bip01_L_Finger0Nub {
            

            FrameTransformMatrix {
             1.000000,0.000000,0.000000,0.000000,0.000000,1.000000,0.000000,0.000000,-0.000000,0.000000,1.000000,0.000000,0.029435,-0.000000,-0.000000,1.000000;;
            }
           }
          }

          Frame Bip01_L_Finger1 {
           

           FrameTransformMatrix {
            0.728079,-0.000546,0.685493,0.000000,0.000000,1.000000,0.000796,0.000000,-0.685493,-0.000580,0.728079,0.000000,0.084102,0.000000,0.000000,1.000000;;
           }

           Frame Bip01_L_Finger1Nub {
            

            FrameTransformMatrix {
             1.000000,0.000000,0.000000,0.000000,-0.000000,1.000000,-0.000000,0.000000,-0.000000,0.000000,1.000000,0.000000,0.047988,0.000000,-0.000000,1.000000;;
            }
           }
          }
         }
        }
       }
      }

      Frame Bip01_R_Clavicle {
       

       FrameTransformMatrix {
        -0.028509,-0.999573,-0.006461,0.000000,-0.965665,0.025871,0.258498,0.000000,-0.258220,0.013609,-0.965990,0.000000,-0.024080,-0.016250,0.001399,1.000000;;
       }

       Frame Bip01_R_UpperArm {
        

        FrameTransformMatrix {
         0.221390,0.975047,0.016433,0.000000,-0.974986,0.221654,-0.016512,0.000000,-0.019742,-0.012366,0.999729,0.000000,0.087086,0.000000,0.000000,1.000000;;
        }

        Frame Bip01_R_Forearm {
         

         FrameTransformMatrix {
          0.915660,-0.000000,-0.401954,0.000000,-0.000000,1.000000,-0.000000,0.000000,0.401954,-0.000000,0.915660,0.000000,0.137062,0.000000,0.000000,1.000000;;
         }

         Frame Bip01_R_Hand {
          

          FrameTransformMatrix {
           0.975195,-0.000000,-0.221346,0.000000,-0.221346,0.000796,-0.975195,0.000000,0.000176,1.000000,0.000777,0.000000,0.137062,-0.000000,0.000000,1.000000;;
          }

          Frame Bip01_R_Finger0 {
           

           FrameTransformMatrix {
            0.417774,-0.116941,0.900994,0.000000,-0.558537,0.749101,0.356210,0.000000,-0.716591,-0.652054,0.247639,0.000000,0.057681,0.023605,-0.000272,1.000000;;
           }

           Frame Bip01_R_Finger0Nub {
            

            FrameTransformMatrix {
             -1.000000,-0.000000,0.000000,0.000000,-0.000000,1.000000,0.000000,0.000000,-0.000000,0.000000,-1.000000,0.000000,0.029435,-0.000000,0.000000,1.000000;;
            }
           }
          }

          Frame Bip01_R_Finger1 {
           

           FrameTransformMatrix {
            0.352436,0.000745,0.935835,0.000000,0.000000,1.000000,-0.000796,0.000000,-0.935836,0.000281,0.352436,0.000000,0.084102,0.000000,0.000000,1.000000;;
           }

           Frame Bip01_R_Finger1Nub {
            

            FrameTransformMatrix {
             -1.000000,0.000000,0.000000,0.000000,0.000000,1.000000,-0.000000,0.000000,0.000000,-0.000000,-1.000000,0.000000,0.047988,0.000000,0.000000,1.000000;;
            }
           }
          }
         }
        }
       }
      }
     }

     Frame Bip01_BackPack {
      

      FrameTransformMatrix {
       0.180560,0.080500,-0.980264,0.000000,0.047560,0.994764,0.090451,0.000000,0.982413,-0.062954,0.175786,0.000000,0.063697,0.000003,-0.088856,1.000000;;
      }

      Frame Bip01_BackPackNub {
       

       FrameTransformMatrix {
        0.000796,0.000003,1.000000,0.000000,0.000000,-1.000000,0.000003,0.000000,1.000000,-0.000000,-0.000796,0.000000,0.053240,0.000000,0.000000,1.000000;;
       }
      }
     }
    }

    Frame Bip01_L_Thigh {
     

     FrameTransformMatrix {
      -0.888504,0.030427,0.457858,0.000000,-0.032107,-0.999476,0.004114,0.000000,0.457744,-0.011045,0.889016,0.000000,-0.050843,0.055225,-0.008917,1.000000;;
     }

     Frame Bip01_L_Calf {
      

      FrameTransformMatrix {
       0.942235,-0.000000,-0.334952,0.000000,-0.000000,1.000000,-0.000000,0.000000,0.334952,-0.000000,0.942235,0.000000,0.237500,0.000000,-0.000000,1.000000;;
      }

      Frame Bip01_L_Foot {
       

       FrameTransformMatrix {
        0.924325,-0.026487,0.380687,0.000000,-0.068962,0.969570,0.234901,0.000000,-0.375325,-0.243378,0.894371,0.000000,0.206841,0.000000,0.000000,1.000000;;
       }

       Frame Bip01_L_Toe0 {
        

        FrameTransformMatrix {
         0.000000,0.000000,1.000000,0.000000,0.000000,1.000000,-0.000000,0.000000,-1.000000,0.000000,0.000000,0.000000,0.065373,0.000000,0.066450,1.000000;;
        }

        Frame Bip01_L_Toe0Nub {
         

         FrameTransformMatrix {
          -1.000000,0.000000,0.000000,0.000000,0.000000,1.000000,0.000000,0.000000,0.000000,0.000000,-1.000000,0.000000,0.006735,-0.000000,-0.000000,1.000000;;
         }
        }
       }
      }
     }
    }

    Frame Bip01_R_Thigh {
     

     FrameTransformMatrix {
      -0.996965,0.030321,-0.071704,0.000000,-0.029454,-0.999480,-0.013113,0.000000,-0.072065,-0.010961,0.997340,0.000000,-0.050843,-0.055225,-0.008917,1.000000;;
     }

     Frame Bip01_R_Calf {
      

      FrameTransformMatrix {
       0.730239,0.000000,-0.683192,0.000000,0.000000,1.000000,0.000000,0.000000,0.683192,0.000000,0.730239,0.000000,0.237500,0.000000,0.000000,1.000000;;
      }

      Frame Bip01_R_Foot {
       

       FrameTransformMatrix {
        0.991957,0.087165,-0.091782,0.000000,-0.093276,0.993546,-0.064539,0.000000,0.085565,0.072581,0.993685,0.000000,0.206841,0.000000,0.000000,1.000000;;
       }

       Frame Bip01_R_Toe0 {
        

        FrameTransformMatrix {
         0.000000,0.000000,1.000000,0.000000,0.000000,1.000000,-0.000000,0.000000,-1.000000,0.000000,0.000000,0.000000,0.065373,0.000000,0.066450,1.000000;;
        }

        Frame Bip01_R_Toe0Nub {
         

         FrameTransformMatrix {
          1.000000,0.000000,0.000000,0.000000,0.000000,1.000000,-0.000000,0.000000,-0.000000,-0.000000,1.000000,0.000000,0.006735,-0.000000,-0.000000,1.000000;;
         }
        }
       }
      }
     }
    }
   }

   Frame Bip01_DressFront {
    

    FrameTransformMatrix {
     -0.880185,-0.088339,0.466338,0.000000,0.121847,0.907542,0.401896,0.000000,-0.458725,0.410564,-0.788041,0.000000,-0.043935,0.001339,0.061057,1.000000;;
    }

    Frame Bip01_DressFront02 {
     

     FrameTransformMatrix {
      0.912593,0.000001,0.408870,0.000000,-0.000001,1.000000,-0.000000,0.000000,-0.408870,-0.000000,0.912593,0.000000,0.183378,-0.000000,-0.000120,1.000000;;
     }

     Frame Bip01_DressFrontNub {
      

      FrameTransformMatrix {
       0.000796,0.000003,1.000000,0.000000,0.000000,-1.000000,0.000003,0.000000,1.000000,0.000000,-0.000796,0.000000,0.165302,0.000000,0.000000,1.000000;;
      }
     }
    }
   }

   Frame Bip01_DressBack {
    

    FrameTransformMatrix {
     -0.886023,0.038029,0.462080,0.000000,0.191625,0.937561,0.290274,0.000000,-0.422190,0.345735,-0.837988,0.000000,-0.047673,-0.000048,-0.078302,1.000000;;
    }

    Frame Bip01_DressBack02 {
     

     FrameTransformMatrix {
      0.936852,0.174932,-0.302833,0.000000,-0.166408,0.984581,0.053939,0.000000,0.307600,-0.000139,0.951516,0.000000,0.176125,0.000000,-0.000103,1.000000;;
     }

     Frame Bip01_DressBackNub {
      

      FrameTransformMatrix {
       0.000796,0.000003,1.000000,0.000000,0.000000,-1.000000,0.000003,0.000000,1.000000,0.000000,-0.000796,0.000000,0.136508,0.000000,0.000000,1.000000;;
      }
     }
    }
   }
  }

  Frame Bip01_Prop1 {
   

   FrameTransformMatrix {
    -0.233929,-0.108090,0.966227,0.000000,0.687222,0.684611,0.242967,0.000000,-0.687752,0.720849,-0.085868,0.000000,0.076452,-0.048658,-0.145664,1.000000;;
   }
  }

  Frame Bip01_Prop2 {
   

   FrameTransformMatrix {
    -0.163643,-0.967062,0.194966,0.000000,0.985576,-0.168906,-0.010564,0.000000,0.043147,0.190425,0.980753,0.000000,-0.138405,-0.102098,0.114818,1.000000;;
   }
  }
 }
}

Frame Translation_Data {
 

 FrameTransformMatrix {
  -0.000000,0.000000,-1.000000,0.000000,-1.000000,-0.000000,0.000000,0.000000,-0.000000,1.000000,0.000000,0.000000,0.000000,-0.000000,0.000000,1.000000;;
 }
}

Frame DuffelBag_LHand {
 

 FrameTransformMatrix {
  1.000000,0.000000,0.000000,0.000000,0.000000,1.000000,0.000000,0.000000,0.000000,0.000000,1.000000,0.000000,-0.000000,0.000000,0.000000,1.000000;;
 }

 Mesh DuffelBag_LHand {
  1038;
  0.592809;0.626599;0.158842;,
  0.617715;0.667095;0.098881;,
  0.617495;0.675288;0.151341;,
  0.593028;0.618406;0.106382;,
  0.613535;0.694383;0.094602;,
  0.613315;0.702576;0.147062;,
  0.590611;0.717605;0.090880;,
  0.590392;0.725798;0.143340;,
  0.547453;0.735913;0.087840;,
  0.547234;0.744106;0.140300;,
  0.504707;0.731005;0.088427;,
  0.504487;0.739198;0.140888;,
  0.467134;0.693209;0.094173;,
  0.466915;0.701402;0.146633;,
  0.450932;0.642715;0.101990;,
  0.450713;0.650908;0.154451;,
  0.466570;0.603116;0.108240;,
  0.466351;0.611309;0.160700;,
  0.503167;0.574036;0.112935;,
  0.502948;0.582229;0.165395;,
  0.534679;0.564914;0.114491;,
  0.534459;0.573107;0.166952;,
  0.561045;0.574052;0.113174;,
  0.560825;0.582245;0.165635;,
  0.593028;0.618406;0.106382;,
  0.592809;0.626599;0.158842;,
  0.618054;0.683538;0.203175;,
  0.587712;0.639214;0.220758;,
  0.593129;0.634378;0.210748;,
  0.609782;0.682743;0.214052;,
  0.559119;0.599562;0.226831;,
  0.560835;0.589595;0.217607;,
  0.535104;0.591656;0.227965;,
  0.534214;0.580368;0.218936;,
  0.506933;0.599811;0.226573;,
  0.502398;0.589578;0.217365;,
  0.474215;0.625809;0.222376;,
  0.465447;0.618940;0.212625;,
  0.460235;0.661210;0.216789;,
  0.449657;0.658922;0.206315;,
  0.474720;0.706352;0.209800;,
  0.466016;0.709904;0.198421;,
  0.508310;0.740141;0.204664;,
  0.503952;0.748066;0.192620;,
  0.546525;0.744530;0.204138;,
  0.547113;0.753022;0.192027;,
  0.585109;0.728162;0.206856;,
  0.590688;0.734537;0.195096;,
  0.605602;0.707402;0.210184;,
  0.613833;0.711090;0.198855;,
  0.568929;0.651463;0.226018;,
  0.582072;0.677721;0.221973;,
  0.551601;0.627692;0.229658;,
  0.537952;0.622464;0.230417;,
  0.521009;0.627369;0.229581;,
  0.501101;0.642692;0.227104;,
  0.492611;0.664190;0.223711;,
  0.501407;0.691603;0.219467;,
  0.521805;0.712122;0.216348;,
  0.545012;0.714787;0.216029;,
  0.568027;0.704565;0.217722;,
  0.580353;0.692079;0.219723;,
  0.544695;0.666253;0.226080;,
  0.594221;0.593604;-0.050335;,
  0.618922;0.651145;-0.004248;,
  0.593996;0.601984;0.003325;,
  0.619146;0.642765;-0.057908;,
  0.614701;0.678697;-0.008568;,
  0.614926;0.670316;-0.062229;,
  0.591556;0.702143;-0.012327;,
  0.591781;0.693763;-0.065987;,
  0.547981;0.720629;-0.015396;,
  0.548205;0.712248;-0.069057;,
  0.504821;0.715673;-0.014803;,
  0.505045;0.707292;-0.068463;,
  0.466884;0.677511;-0.009002;,
  0.467109;0.669131;-0.062662;,
  0.450525;0.626529;-0.001108;,
  0.450750;0.618149;-0.054769;,
  0.466315;0.586547;0.005202;,
  0.466540;0.578166;-0.048459;,
  0.503266;0.557185;0.009942;,
  0.503491;0.548805;-0.043719;,
  0.535082;0.547975;0.011513;,
  0.535307;0.539595;-0.042147;,
  0.561703;0.557202;0.010184;,
  0.561928;0.548821;-0.043477;,
  0.593996;0.601984;0.003325;,
  0.594221;0.593604;-0.050335;,
  0.619361;0.634760;-0.109163;,
  0.589107;0.587147;-0.112641;,
  0.611177;0.630676;-0.119347;,
  0.594436;0.585600;-0.101590;,
  0.560514;0.547495;-0.106568;,
  0.562143;0.540817;-0.094731;,
  0.536500;0.539589;-0.105434;,
  0.535521;0.531590;-0.093402;,
  0.508329;0.547744;-0.106826;,
  0.503705;0.540800;-0.094973;,
  0.475611;0.573741;-0.111023;,
  0.466754;0.570162;-0.099713;,
  0.461630;0.609143;-0.116610;,
  0.450965;0.610144;-0.106023;,
  0.476115;0.654285;-0.123599;,
  0.467324;0.661126;-0.113917;,
  0.509705;0.688074;-0.128735;,
  0.505260;0.699288;-0.119718;,
  0.547920;0.692462;-0.129261;,
  0.548420;0.704244;-0.120311;,
  0.586504;0.676095;-0.126543;,
  0.591995;0.685759;-0.117242;,
  0.606997;0.655334;-0.123215;,
  0.615140;0.662312;-0.113483;,
  0.570383;0.597185;-0.121539;,
  0.583527;0.623442;-0.125585;,
  0.553056;0.573413;-0.117899;,
  0.539407;0.568186;-0.117140;,
  0.522464;0.573091;-0.117977;,
  0.502555;0.588414;-0.120453;,
  0.494065;0.609912;-0.123846;,
  0.502861;0.637325;-0.128090;,
  0.523259;0.657844;-0.131210;,
  0.546466;0.660509;-0.131529;,
  0.569482;0.650287;-0.129836;,
  0.581807;0.637801;-0.127834;,
  0.546170;0.611221;-0.126305;,
  0.593782;0.609989;0.054579;,
  0.618707;0.659149;0.047006;,
  0.614487;0.686701;0.042686;,
  0.591342;0.710148;0.038927;,
  0.547766;0.728633;0.035858;,
  0.504606;0.723677;0.036451;,
  0.466670;0.685515;0.042252;,
  0.450311;0.634533;0.050146;,
  0.466101;0.594551;0.056456;,
  0.503052;0.565190;0.061196;,
  0.534868;0.555980;0.062767;,
  0.561489;0.565206;0.061438;,
  0.593782;0.609989;0.054579;,
  0.619361;0.634760;-0.109163;,
  0.594436;0.585600;-0.101590;,
  0.594436;0.585600;-0.101590;,
  0.562143;0.540817;-0.094731;,
  0.535521;0.531590;-0.093402;,
  0.503705;0.540800;-0.094973;,
  0.466754;0.570162;-0.099713;,
  0.450965;0.610144;-0.106023;,
  0.467324;0.661126;-0.113917;,
  0.505260;0.699288;-0.119718;,
  0.548420;0.704244;-0.120311;,
  0.591995;0.685759;-0.117242;,
  0.615140;0.662312;-0.113483;,
  0.593129;0.634378;0.210748;,
  0.618054;0.683538;0.203175;,
  0.613833;0.711090;0.198855;,
  0.590688;0.734537;0.195096;,
  0.547113;0.753022;0.192027;,
  0.503952;0.748066;0.192620;,
  0.466016;0.709904;0.198421;,
  0.449657;0.658922;0.206315;,
  0.465447;0.618940;0.212625;,
  0.502398;0.589578;0.217365;,
  0.534214;0.580368;0.218936;,
  0.560835;0.589595;0.217607;,
  0.593129;0.634378;0.210748;,
  0.434242;0.662857;-0.011918;,
  0.447385;0.625195;-0.009578;,
  0.435052;0.654793;-0.003439;,
  0.447050;0.623721;-0.029495;,
  0.464248;0.583358;-0.003015;,
  0.464331;0.580267;-0.022807;,
  0.501972;0.553361;0.001827;,
  0.502055;0.550271;-0.017965;,
  0.534693;0.543992;0.003427;,
  0.534776;0.540901;-0.016364;,
  0.562940;0.553672;0.002034;,
  0.563023;0.550581;-0.017758;,
  0.596021;0.599428;-0.004973;,
  0.596104;0.596337;-0.024765;,
  0.434242;0.662857;-0.011918;,
  0.449570;0.624277;-0.029784;,
  0.447050;0.623721;-0.029495;,
  0.449570;0.624277;-0.029784;,
  0.434242;0.662857;-0.011918;,
  0.436614;0.662436;-0.011990;,
  0.447385;0.625195;-0.009578;,
  0.437424;0.654372;-0.003511;,
  0.435052;0.654793;-0.003439;,
  0.437424;0.654372;-0.003511;,
  0.447385;0.625195;-0.009578;,
  0.449904;0.625752;-0.009867;,
  0.447050;0.623721;-0.029495;,
  0.466428;0.582254;-0.023109;,
  0.464331;0.580267;-0.022807;,
  0.466428;0.582254;-0.023109;,
  0.447050;0.623721;-0.029495;,
  0.449570;0.624277;-0.029784;,
  0.464248;0.583358;-0.003015;,
  0.449904;0.625752;-0.009867;,
  0.447385;0.625195;-0.009578;,
  0.449904;0.625752;-0.009867;,
  0.464248;0.583358;-0.003015;,
  0.466345;0.585345;-0.003317;,
  0.464331;0.580267;-0.022807;,
  0.503483;0.552834;-0.018359;,
  0.502055;0.550271;-0.017965;,
  0.503483;0.552834;-0.018359;,
  0.464331;0.580267;-0.022807;,
  0.466428;0.582254;-0.023109;,
  0.501972;0.553361;0.001827;,
  0.466345;0.585345;-0.003317;,
  0.464248;0.583358;-0.003015;,
  0.466345;0.585345;-0.003317;,
  0.501972;0.553361;0.001827;,
  0.503400;0.555924;0.001433;,
  0.502055;0.550271;-0.017965;,
  0.535188;0.543678;-0.016796;,
  0.534776;0.540901;-0.016364;,
  0.535188;0.543678;-0.016796;,
  0.534693;0.543992;0.003427;,
  0.503400;0.555924;0.001433;,
  0.501972;0.553361;0.001827;,
  0.503400;0.555924;0.001433;,
  0.534693;0.543992;0.003427;,
  0.535106;0.546769;0.002995;,
  0.534776;0.540901;-0.016364;,
  0.561877;0.552753;-0.018102;,
  0.563023;0.550581;-0.017758;,
  0.561877;0.552753;-0.018102;,
  0.534776;0.540901;-0.016364;,
  0.535188;0.543678;-0.016796;,
  0.562940;0.553672;0.002034;,
  0.535106;0.546769;0.002995;,
  0.534693;0.543992;0.003427;,
  0.535106;0.546769;0.002995;,
  0.562940;0.553672;0.002034;,
  0.561794;0.555844;0.001690;,
  0.563023;0.550581;-0.017758;,
  0.594081;0.597501;-0.024956;,
  0.596104;0.596337;-0.024765;,
  0.594081;0.597501;-0.024956;,
  0.563023;0.550581;-0.017758;,
  0.561877;0.552753;-0.018102;,
  0.596021;0.599428;-0.004973;,
  0.561794;0.555844;0.001690;,
  0.562940;0.553672;0.002034;,
  0.561794;0.555844;0.001690;,
  0.596021;0.599428;-0.004973;,
  0.593998;0.600592;-0.005164;,
  0.593998;0.600592;-0.005164;,
  0.561877;0.552753;-0.018102;,
  0.561794;0.555844;0.001690;,
  0.561877;0.552753;-0.018102;,
  0.593998;0.600592;-0.005164;,
  0.594081;0.597501;-0.024956;,
  0.561794;0.555844;0.001690;,
  0.535188;0.543678;-0.016796;,
  0.535106;0.546769;0.002995;,
  0.535188;0.543678;-0.016796;,
  0.561794;0.555844;0.001690;,
  0.561877;0.552753;-0.018102;,
  0.535106;0.546769;0.002995;,
  0.503483;0.552834;-0.018359;,
  0.503400;0.555924;0.001433;,
  0.503483;0.552834;-0.018359;,
  0.535106;0.546769;0.002995;,
  0.535188;0.543678;-0.016796;,
  0.503400;0.555924;0.001433;,
  0.466428;0.582254;-0.023109;,
  0.466345;0.585345;-0.003317;,
  0.466428;0.582254;-0.023109;,
  0.503400;0.555924;0.001433;,
  0.503483;0.552834;-0.018359;,
  0.466345;0.585345;-0.003317;,
  0.449570;0.624277;-0.029784;,
  0.449904;0.625752;-0.009867;,
  0.449570;0.624277;-0.029784;,
  0.466345;0.585345;-0.003317;,
  0.466428;0.582254;-0.023109;,
  0.449904;0.625752;-0.009867;,
  0.436614;0.662436;-0.011990;,
  0.437424;0.654372;-0.003511;,
  0.449570;0.624277;-0.029784;,
  0.416478;0.690637;0.011204;,
  0.418383;0.683038;0.016794;,
  0.434242;0.662857;-0.011918;,
  0.418728;0.690149;0.011094;,
  0.436614;0.662436;-0.011990;,
  0.418728;0.690149;0.011094;,
  0.434242;0.662857;-0.011918;,
  0.416478;0.690637;0.011204;,
  0.420633;0.682550;0.016684;,
  0.418728;0.690149;0.011094;,
  0.437424;0.654372;-0.003511;,
  0.418383;0.683038;0.016794;,
  0.435052;0.654793;-0.003439;,
  0.418383;0.683038;0.016794;,
  0.437424;0.654372;-0.003511;,
  0.420633;0.682550;0.016684;,
  0.417740;0.699605;0.039886;,
  0.416872;0.694040;0.040752;,
  0.416478;0.690637;0.011204;,
  0.419515;0.698276;0.040101;,
  0.418728;0.690149;0.011094;,
  0.419515;0.698276;0.040101;,
  0.416478;0.690637;0.011204;,
  0.417740;0.699605;0.039886;,
  0.418760;0.692897;0.040938;,
  0.419515;0.698276;0.040101;,
  0.420633;0.682550;0.016684;,
  0.416872;0.694040;0.040752;,
  0.418383;0.683038;0.016794;,
  0.416872;0.694040;0.040752;,
  0.420633;0.682550;0.016684;,
  0.418760;0.692897;0.040938;,
  0.432094;0.678848;0.108202;,
  0.446885;0.643858;0.109923;,
  0.444867;0.648079;0.129401;,
  0.434378;0.670003;0.096698;,
  0.463748;0.602034;0.116567;,
  0.463665;0.605124;0.136359;,
  0.501472;0.572037;0.121409;,
  0.501389;0.575128;0.141201;,
  0.534193;0.562667;0.123010;,
  0.534110;0.565758;0.142801;,
  0.562440;0.572347;0.121616;,
  0.562357;0.575438;0.141408;,
  0.595520;0.618103;0.114609;,
  0.595438;0.621194;0.134401;,
  0.432094;0.678848;0.108202;,
  0.447385;0.648701;0.129527;,
  0.434465;0.678472;0.108418;,
  0.447385;0.648701;0.129527;,
  0.432094;0.678848;0.108202;,
  0.444867;0.648079;0.129401;,
  0.446885;0.643858;0.109923;,
  0.443552;0.665585;0.097573;,
  0.449402;0.644479;0.110049;,
  0.443552;0.665585;0.097573;,
  0.446885;0.643858;0.109923;,
  0.434378;0.670003;0.096698;,
  0.444867;0.648079;0.129401;,
  0.465761;0.607111;0.136057;,
  0.447385;0.648701;0.129527;,
  0.465761;0.607111;0.136057;,
  0.444867;0.648079;0.129401;,
  0.463665;0.605124;0.136359;,
  0.463748;0.602034;0.116567;,
  0.449402;0.644479;0.110049;,
  0.465844;0.604020;0.116265;,
  0.449402;0.644479;0.110049;,
  0.463748;0.602034;0.116567;,
  0.446885;0.643858;0.109923;,
  0.463665;0.605124;0.136359;,
  0.502817;0.577691;0.140807;,
  0.465761;0.607111;0.136057;,
  0.502817;0.577691;0.140807;,
  0.463665;0.605124;0.136359;,
  0.501389;0.575128;0.141201;,
  0.501472;0.572037;0.121409;,
  0.465844;0.604020;0.116265;,
  0.502900;0.574600;0.121015;,
  0.465844;0.604020;0.116265;,
  0.501472;0.572037;0.121409;,
  0.463748;0.602034;0.116567;,
  0.534522;0.568535;0.142369;,
  0.534522;0.568535;0.142369;,
  0.501389;0.575128;0.141201;,
  0.534110;0.565758;0.142801;,
  0.534193;0.562667;0.123010;,
  0.502900;0.574600;0.121015;,
  0.534605;0.565444;0.122578;,
  0.534193;0.562667;0.123010;,
  0.534110;0.565758;0.142801;,
  0.561211;0.577611;0.141064;,
  0.534522;0.568535;0.142369;,
  0.562357;0.575438;0.141408;,
  0.562440;0.572347;0.121616;,
  0.534605;0.565444;0.122578;,
  0.561293;0.574520;0.121272;,
  0.534605;0.565444;0.122578;,
  0.562440;0.572347;0.121616;,
  0.534193;0.562667;0.123010;,
  0.562357;0.575438;0.141408;,
  0.593415;0.622358;0.134210;,
  0.561211;0.577611;0.141064;,
  0.595438;0.621194;0.134401;,
  0.595520;0.618103;0.114609;,
  0.561293;0.574520;0.121272;,
  0.593498;0.619267;0.114418;,
  0.595520;0.618103;0.114609;,
  0.593498;0.619267;0.114418;,
  0.561211;0.577611;0.141064;,
  0.593415;0.622358;0.134210;,
  0.561211;0.577611;0.141064;,
  0.593498;0.619267;0.114418;,
  0.561293;0.574520;0.121272;,
  0.561293;0.574520;0.121272;,
  0.534522;0.568535;0.142369;,
  0.561211;0.577611;0.141064;,
  0.534522;0.568535;0.142369;,
  0.561293;0.574520;0.121272;,
  0.534605;0.565444;0.122578;,
  0.534605;0.565444;0.122578;,
  0.502817;0.577691;0.140807;,
  0.534522;0.568535;0.142369;,
  0.502900;0.574600;0.121015;,
  0.502900;0.574600;0.121015;,
  0.465761;0.607111;0.136057;,
  0.502817;0.577691;0.140807;,
  0.465761;0.607111;0.136057;,
  0.502900;0.574600;0.121015;,
  0.465844;0.604020;0.116265;,
  0.465844;0.604020;0.116265;,
  0.447385;0.648701;0.129527;,
  0.465761;0.607111;0.136057;,
  0.449402;0.644479;0.110049;,
  0.434465;0.678472;0.108418;,
  0.443552;0.665585;0.097573;,
  0.416659;0.700862;0.071990;,
  0.418462;0.691736;0.069271;,
  0.432094;0.678848;0.108202;,
  0.418907;0.700433;0.072262;,
  0.416659;0.700862;0.071990;,
  0.418907;0.700433;0.072262;,
  0.432094;0.678848;0.108202;,
  0.434465;0.678472;0.108418;,
  0.420710;0.691308;0.069543;,
  0.418907;0.700433;0.072262;,
  0.443552;0.665585;0.097573;,
  0.418462;0.691736;0.069271;,
  0.420710;0.691308;0.069543;,
  0.418462;0.691736;0.069271;,
  0.443552;0.665585;0.097573;,
  0.434378;0.670003;0.096698;,
  0.417740;0.699605;0.039886;,
  0.416872;0.694040;0.040752;,
  0.416659;0.700862;0.071990;,
  0.419515;0.698276;0.040101;,
  0.417740;0.699605;0.039886;,
  0.419515;0.698276;0.040101;,
  0.416659;0.700862;0.071990;,
  0.418907;0.700433;0.072262;,
  0.418760;0.692897;0.040938;,
  0.419515;0.698276;0.040101;,
  0.420710;0.691308;0.069543;,
  0.416872;0.694040;0.040752;,
  0.418760;0.692897;0.040938;,
  0.416872;0.694040;0.040752;,
  0.420710;0.691308;0.069543;,
  0.418462;0.691736;0.069271;,
  0.463082;0.705240;-0.018665;,
  0.504840;0.716216;-0.023552;,
  0.501063;0.713129;-0.041816;,
  0.471788;0.710253;-0.011479;,
  0.548827;0.722021;-0.024316;,
  0.548909;0.718930;-0.044108;,
  0.593243;0.703222;-0.021195;,
  0.593326;0.700131;-0.040986;,
  0.616999;0.679126;-0.017332;,
  0.617081;0.676036;-0.037124;,
  0.621531;0.649871;-0.012744;,
  0.621614;0.646780;-0.032536;,
  0.596021;0.599428;-0.004973;,
  0.463082;0.705240;-0.018665;,
  0.501717;0.710623;-0.041634;,
  0.464550;0.703335;-0.018509;,
  0.501717;0.710623;-0.041634;,
  0.463082;0.705240;-0.018665;,
  0.501063;0.713129;-0.041816;,
  0.504840;0.716216;-0.023552;,
  0.473256;0.708348;-0.011323;,
  0.504033;0.714623;-0.023520;,
  0.473256;0.708348;-0.011323;,
  0.504840;0.716216;-0.023552;,
  0.471788;0.710253;-0.011479;,
  0.501063;0.713129;-0.041816;,
  0.548115;0.716170;-0.043680;,
  0.501717;0.710623;-0.041634;,
  0.548115;0.716170;-0.043680;,
  0.501063;0.713129;-0.041816;,
  0.548909;0.718930;-0.044108;,
  0.548827;0.722021;-0.024316;,
  0.504033;0.714623;-0.023520;,
  0.548032;0.719261;-0.023889;,
  0.504033;0.714623;-0.023520;,
  0.548827;0.722021;-0.024316;,
  0.504840;0.716216;-0.023552;,
  0.548909;0.718930;-0.044108;,
  0.591702;0.697684;-0.040611;,
  0.548115;0.716170;-0.043680;,
  0.591702;0.697684;-0.040611;,
  0.548909;0.718930;-0.044108;,
  0.593326;0.700131;-0.040986;,
  0.593243;0.703222;-0.021195;,
  0.548032;0.719261;-0.023889;,
  0.591619;0.700775;-0.020819;,
  0.548032;0.719261;-0.023889;,
  0.593243;0.703222;-0.021195;,
  0.548827;0.722021;-0.024316;,
  0.593326;0.700131;-0.040986;,
  0.614791;0.674374;-0.036874;,
  0.591702;0.697684;-0.040611;,
  0.614791;0.674374;-0.036874;,
  0.593326;0.700131;-0.040986;,
  0.617081;0.676036;-0.037124;,
  0.616999;0.679126;-0.017332;,
  0.591619;0.700775;-0.020819;,
  0.614708;0.677466;-0.017082;,
  0.591619;0.700775;-0.020819;,
  0.616999;0.679126;-0.017332;,
  0.593243;0.703222;-0.021195;,
  0.617081;0.676036;-0.037124;,
  0.619133;0.646762;-0.032544;,
  0.614791;0.674374;-0.036874;,
  0.619133;0.646762;-0.032544;,
  0.617081;0.676036;-0.037124;,
  0.621614;0.646780;-0.032536;,
  0.621531;0.649871;-0.012744;,
  0.614708;0.677466;-0.017082;,
  0.619050;0.649853;-0.012752;,
  0.614708;0.677466;-0.017082;,
  0.621531;0.649871;-0.012744;,
  0.616999;0.679126;-0.017332;,
  0.621614;0.646780;-0.032536;,
  0.594081;0.597501;-0.024956;,
  0.619133;0.646762;-0.032544;,
  0.594081;0.597501;-0.024956;,
  0.621614;0.646780;-0.032536;,
  0.596021;0.599428;-0.004973;,
  0.619050;0.649853;-0.012752;,
  0.593998;0.600592;-0.005164;,
  0.619050;0.649853;-0.012752;,
  0.596021;0.599428;-0.004973;,
  0.621531;0.649871;-0.012744;,
  0.593998;0.600592;-0.005164;,
  0.619133;0.646762;-0.032544;,
  0.594081;0.597501;-0.024956;,
  0.619133;0.646762;-0.032544;,
  0.593998;0.600592;-0.005164;,
  0.619050;0.649853;-0.012752;,
  0.619050;0.649853;-0.012752;,
  0.614791;0.674374;-0.036874;,
  0.619133;0.646762;-0.032544;,
  0.614791;0.674374;-0.036874;,
  0.619050;0.649853;-0.012752;,
  0.614708;0.677466;-0.017082;,
  0.614708;0.677466;-0.017082;,
  0.591702;0.697684;-0.040611;,
  0.614791;0.674374;-0.036874;,
  0.591702;0.697684;-0.040611;,
  0.614708;0.677466;-0.017082;,
  0.591619;0.700775;-0.020819;,
  0.591619;0.700775;-0.020819;,
  0.548115;0.716170;-0.043680;,
  0.591702;0.697684;-0.040611;,
  0.548115;0.716170;-0.043680;,
  0.591619;0.700775;-0.020819;,
  0.548032;0.719261;-0.023889;,
  0.548032;0.719261;-0.023889;,
  0.501717;0.710623;-0.041634;,
  0.548115;0.716170;-0.043680;,
  0.501717;0.710623;-0.041634;,
  0.548032;0.719261;-0.023889;,
  0.504033;0.714623;-0.023520;,
  0.504033;0.714623;-0.023520;,
  0.464550;0.703335;-0.018509;,
  0.501717;0.710623;-0.041634;,
  0.473256;0.708348;-0.011323;,
  0.421982;0.697308;0.010937;,
  0.429925;0.699147;0.014804;,
  0.463082;0.705240;-0.018665;,
  0.423447;0.695531;0.011025;,
  0.421982;0.697308;0.010937;,
  0.423447;0.695531;0.011025;,
  0.463082;0.705240;-0.018665;,
  0.464550;0.703335;-0.018509;,
  0.431390;0.697370;0.014892;,
  0.423447;0.695531;0.011025;,
  0.473256;0.708348;-0.011323;,
  0.429925;0.699147;0.014804;,
  0.431390;0.697370;0.014892;,
  0.429925;0.699147;0.014804;,
  0.473256;0.708348;-0.011323;,
  0.471788;0.710253;-0.011479;,
  0.418152;0.700280;0.039782;,
  0.423060;0.703879;0.039241;,
  0.421982;0.697308;0.010937;,
  0.420172;0.699355;0.039935;,
  0.418152;0.700280;0.039782;,
  0.420172;0.699355;0.039935;,
  0.421982;0.697308;0.010937;,
  0.423447;0.695531;0.011025;,
  0.424966;0.702767;0.039423;,
  0.420172;0.699355;0.039935;,
  0.431390;0.697370;0.014892;,
  0.431390;0.697370;0.014892;,
  0.423060;0.703879;0.039241;,
  0.424966;0.702767;0.039423;,
  0.423060;0.703879;0.039241;,
  0.431390;0.697370;0.014892;,
  0.429925;0.699147;0.014804;,
  0.466868;0.727860;0.102790;,
  0.503518;0.733684;0.096132;,
  0.469006;0.727049;0.089149;,
  0.502854;0.737306;0.115709;,
  0.548326;0.740696;0.095266;,
  0.548243;0.743787;0.115058;,
  0.592742;0.721897;0.098388;,
  0.592660;0.724988;0.118179;,
  0.616498;0.697802;0.102250;,
  0.616958;0.701784;0.121905;,
  0.621030;0.668546;0.106838;,
  0.620948;0.671637;0.126630;,
  0.595520;0.618103;0.114609;,
  0.595438;0.621194;0.134401;,
  0.466868;0.727860;0.102790;,
  0.503507;0.734864;0.116305;,
  0.502854;0.737306;0.115709;,
  0.503507;0.734864;0.116305;,
  0.466868;0.727860;0.102790;,
  0.468335;0.726000;0.103234;,
  0.503518;0.733684;0.096132;,
  0.470473;0.725189;0.089593;,
  0.469006;0.727049;0.089149;,
  0.470473;0.725189;0.089593;,
  0.503518;0.733684;0.096132;,
  0.504171;0.731243;0.096728;,
  0.502854;0.737306;0.115709;,
  0.547449;0.741027;0.115485;,
  0.548243;0.743787;0.115058;,
  0.547449;0.741027;0.115485;,
  0.502854;0.737306;0.115709;,
  0.503507;0.734864;0.116305;,
  0.548326;0.740696;0.095266;,
  0.504171;0.731243;0.096728;,
  0.503518;0.733684;0.096132;,
  0.504171;0.731243;0.096728;,
  0.548326;0.740696;0.095266;,
  0.547532;0.737936;0.095694;,
  0.548243;0.743787;0.115058;,
  0.591036;0.722541;0.118555;,
  0.592660;0.724988;0.118179;,
  0.591036;0.722541;0.118555;,
  0.548243;0.743787;0.115058;,
  0.547449;0.741027;0.115485;,
  0.592742;0.721897;0.098388;,
  0.547532;0.737936;0.095694;,
  0.548326;0.740696;0.095266;,
  0.591119;0.719450;0.098763;,
  0.614667;0.700123;0.122155;,
  0.616958;0.701784;0.121905;,
  0.616498;0.697802;0.102250;,
  0.591119;0.719450;0.098763;,
  0.592742;0.721897;0.098388;,
  0.591119;0.719450;0.098763;,
  0.616498;0.697802;0.102250;,
  0.614207;0.696141;0.102500;,
  0.616958;0.701784;0.121905;,
  0.618467;0.671619;0.126622;,
  0.620948;0.671637;0.126630;,
  0.618467;0.671619;0.126622;,
  0.616958;0.701784;0.121905;,
  0.614667;0.700123;0.122155;,
  0.621030;0.668546;0.106838;,
  0.614207;0.696141;0.102500;,
  0.616498;0.697802;0.102250;,
  0.614207;0.696141;0.102500;,
  0.621030;0.668546;0.106838;,
  0.618550;0.668528;0.106830;,
  0.620948;0.671637;0.126630;,
  0.593415;0.622358;0.134210;,
  0.595438;0.621194;0.134401;,
  0.593415;0.622358;0.134210;,
  0.620948;0.671637;0.126630;,
  0.618467;0.671619;0.126622;,
  0.595520;0.618103;0.114609;,
  0.618550;0.668528;0.106830;,
  0.595520;0.618103;0.114609;,
  0.593498;0.619267;0.114418;,
  0.593498;0.619267;0.114418;,
  0.618467;0.671619;0.126622;,
  0.618550;0.668528;0.106830;,
  0.593415;0.622358;0.134210;,
  0.618550;0.668528;0.106830;,
  0.614667;0.700123;0.122155;,
  0.614207;0.696141;0.102500;,
  0.614667;0.700123;0.122155;,
  0.618550;0.668528;0.106830;,
  0.618467;0.671619;0.126622;,
  0.614207;0.696141;0.102500;,
  0.591036;0.722541;0.118555;,
  0.591119;0.719450;0.098763;,
  0.591036;0.722541;0.118555;,
  0.614207;0.696141;0.102500;,
  0.614667;0.700123;0.122155;,
  0.591119;0.719450;0.098763;,
  0.547449;0.741027;0.115485;,
  0.547532;0.737936;0.095694;,
  0.591036;0.722541;0.118555;,
  0.547532;0.737936;0.095694;,
  0.503507;0.734864;0.116305;,
  0.504171;0.731243;0.096728;,
  0.503507;0.734864;0.116305;,
  0.547532;0.737936;0.095694;,
  0.547449;0.741027;0.115485;,
  0.504171;0.731243;0.096728;,
  0.468335;0.726000;0.103234;,
  0.470473;0.725189;0.089593;,
  0.503507;0.734864;0.116305;,
  0.424064;0.708356;0.070767;,
  0.428051;0.710005;0.066293;,
  0.466868;0.727860;0.102790;,
  0.425527;0.706638;0.071237;,
  0.468335;0.726000;0.103234;,
  0.425527;0.706638;0.071237;,
  0.466868;0.727860;0.102790;,
  0.424064;0.708356;0.070767;,
  0.429514;0.708287;0.066763;,
  0.425527;0.706638;0.071237;,
  0.470473;0.725189;0.089593;,
  0.428051;0.710005;0.066293;,
  0.469006;0.727049;0.089149;,
  0.428051;0.710005;0.066293;,
  0.470473;0.725189;0.089593;,
  0.429514;0.708287;0.066763;,
  0.418152;0.700280;0.039782;,
  0.423060;0.703879;0.039241;,
  0.424064;0.708356;0.070767;,
  0.420172;0.699355;0.039935;,
  0.425527;0.706638;0.071237;,
  0.420172;0.699355;0.039935;,
  0.424064;0.708356;0.070767;,
  0.418152;0.700280;0.039782;,
  0.429514;0.708287;0.066763;,
  0.423060;0.703879;0.039241;,
  0.428051;0.710005;0.066293;,
  0.423060;0.703879;0.039241;,
  0.429514;0.708287;0.066763;,
  0.424966;0.702767;0.039423;,
  0.428715;0.697682;0.068076;,
  0.431590;0.701388;0.014940;,
  0.431375;0.709402;0.066257;,
  0.428930;0.689667;0.016759;,
  0.425012;0.705296;0.014302;,
  0.424797;0.713310;0.065619;,
  0.424797;0.713310;0.065619;,
  0.415775;0.697484;0.015484;,
  0.415560;0.705498;0.066800;,
  0.425012;0.705296;0.014302;,
  0.413115;0.685763;0.017303;,
  0.412901;0.693778;0.068619;,
  0.419693;0.681855;0.017941;,
  0.419478;0.689869;0.069257;,
  0.412901;0.693778;0.068619;,
  0.424797;0.713310;0.065619;,
  0.415560;0.705498;0.066800;,
  0.428715;0.697682;0.068076;,
  0.431375;0.709402;0.066257;,
  0.419478;0.689869;0.069257;,
  0.431590;0.701388;0.014940;,
  0.415775;0.697484;0.015484;,
  0.425012;0.705296;0.014302;,
  0.419693;0.681855;0.017941;,
  0.413115;0.685763;0.017303;,
  0.428930;0.689667;0.016759;,
  0.464087;0.673980;-0.118958;,
  0.458115;0.668705;-0.101486;,
  0.455064;0.673271;-0.103010;,
  0.458115;0.668705;-0.101486;,
  0.464087;0.673980;-0.118958;,
  0.467138;0.669415;-0.117435;,
  0.469166;0.689285;-0.093188;,
  0.458115;0.668705;-0.101486;,
  0.472217;0.684720;-0.091664;,
  0.455064;0.673271;-0.103010;,
  0.478189;0.689994;-0.109136;,
  0.455064;0.673271;-0.103010;,
  0.469166;0.689285;-0.093188;,
  0.464087;0.673980;-0.118958;,
  0.481240;0.685429;-0.107613;,
  0.464087;0.673980;-0.118958;,
  0.478189;0.689994;-0.109136;,
  0.464087;0.673980;-0.118958;,
  0.481240;0.685429;-0.107613;,
  0.467138;0.669415;-0.117435;,
  0.472217;0.684720;-0.091664;,
  0.467138;0.669415;-0.117435;,
  0.481240;0.685429;-0.107613;,
  0.458115;0.668705;-0.101486;,
  0.503161;0.713744;-0.084023;,
  0.472217;0.684720;-0.091664;,
  0.506212;0.709179;-0.082500;,
  0.472217;0.684720;-0.091664;,
  0.503161;0.713744;-0.084023;,
  0.469166;0.689285;-0.093188;,
  0.512184;0.714454;-0.099972;,
  0.469166;0.689285;-0.093188;,
  0.503161;0.713744;-0.084023;,
  0.478189;0.689994;-0.109136;,
  0.515235;0.709888;-0.098448;,
  0.478189;0.689994;-0.109136;,
  0.512184;0.714454;-0.099972;,
  0.478189;0.689994;-0.109136;,
  0.515235;0.709888;-0.098448;,
  0.481240;0.685429;-0.107613;,
  0.506212;0.709179;-0.082500;,
  0.481240;0.685429;-0.107613;,
  0.515235;0.709888;-0.098448;,
  0.472217;0.684720;-0.091664;,
  0.548234;0.723036;-0.064594;,
  0.506212;0.709179;-0.082500;,
  0.548771;0.717404;-0.063913;,
  0.506212;0.709179;-0.082500;,
  0.548234;0.723036;-0.064594;,
  0.503161;0.713744;-0.084023;,
  0.562034;0.722331;-0.076650;,
  0.503161;0.713744;-0.084023;,
  0.548234;0.723036;-0.064594;,
  0.512184;0.714454;-0.099972;,
  0.562571;0.716699;-0.075969;,
  0.512184;0.714454;-0.099972;,
