xof 0303txt 0032
template ColorRGBA {
 <35ff44e0-6c7c-11cf-8f52-0040333594a3>
 FLOAT red;
 FLOAT green;
 FLOAT blue;
 FLOAT alpha;
}

template ColorRGB {
 <d3e16e81-7835-11cf-8f52-0040333594a3>
 FLOAT red;
 FLOAT green;
 FLOAT blue;
}

template Material {
 <3d82ab4d-62da-11cf-ab39-0020af71e433>
 ColorRGBA faceColor;
 FLOAT power;
 ColorRGB specularColor;
 ColorRGB emissiveColor;
 [...]
}

template TextureFilename {
 <a42790e1-7810-11cf-8f52-0040333594a3>
 STRING filename;
}

template Frame {
 <3d82ab46-62da-11cf-ab39-0020af71e433>
 [...]
}

template Matrix4x4 {
 <f6f23f45-7686-11cf-8f52-0040333594a3>
 array FLOAT matrix[16];
}

template FrameTransformMatrix {
 <f6f23f41-7686-11cf-8f52-0040333594a3>
 Matrix4x4 frameMatrix;
}

template Vector {
 <3d82ab5e-62da-11cf-ab39-0020af71e433>
 FLOAT x;
 FLOAT y;
 FLOAT z;
}

template MeshFace {
 <3d82ab5f-62da-11cf-ab39-0020af71e433>
 DWORD nFaceVertexIndices;
 array DWORD faceVertexIndices[nFaceVertexIndices];
}

template Mesh {
 <3d82ab44-62da-11cf-ab39-0020af71e433>
 DWORD nVertices;
 array Vector vertices[nVertices];
 DWORD nFaces;
 array MeshFace faces[nFaces];
 [...]
}

template MeshNormals {
 <f6f23f43-7686-11cf-8f52-0040333594a3>
 DWORD nNormals;
 array Vector normals[nNormals];
 DWORD nFaceNormals;
 array MeshFace faceNormals[nFaceNormals];
}

template MeshMaterialList {
 <f6f23f42-7686-11cf-8f52-0040333594a3>
 DWORD nMaterials;
 DWORD nFaceIndexes;
 array DWORD faceIndexes[nFaceIndexes];
 [Material <3d82ab4d-62da-11cf-ab39-0020af71e433>]
}

template Coords2d {
 <f6f23f44-7686-11cf-8f52-0040333594a3>
 FLOAT u;
 FLOAT v;
}

template MeshTextureCoords {
 <f6f23f40-7686-11cf-8f52-0040333594a3>
 DWORD nTextureCoords;
 array Coords2d textureCoords[nTextureCoords];
}

template XSkinMeshHeader {
 <3cf169ce-ff7c-44ab-93c0-f78f62d172e2>
 WORD nMaxSkinWeightsPerVertex;
 WORD nMaxSkinWeightsPerFace;
 WORD nBones;
}

template SkinWeights {
 <6f0d123b-bad2-4167-a0d0-80224f25fabb>
 STRING transformNodeName;
 DWORD nWeights;
 array DWORD vertexIndices[nWeights];
 array FLOAT weights[nWeights];
 Matrix4x4 matrixOffset;
}

template AnimTicksPerSecond {
 <9e415a43-7ba6-4a73-8743-b73d47e88476>
 DWORD AnimTicksPerSecond;
}

template Animation {
 <3d82ab4f-62da-11cf-ab39-0020af71e433>
 [...]
}

template AnimationSet {
 <3d82ab50-62da-11cf-ab39-0020af71e433>
 [Animation <3d82ab4f-62da-11cf-ab39-0020af71e433>]
}

template FloatKeys {
 <10dd46a9-775b-11cf-8f52-0040333594a3>
 DWORD nValues;
 array FLOAT values[nValues];
}

template TimedFloatKeys {
 <f406b180-7b3b-11cf-8f52-0040333594a3>
 DWORD time;
 FloatKeys tfkeys;
}

template AnimationKey {
 <10dd46a8-775b-11cf-8f52-0040333594a3>
 DWORD keyType;
 DWORD nKeys;
 array TimedFloatKeys keys[nKeys];
}


Material Material__179 {
 1.000000;1.000000;1.000000;1.000000;;
 9.999999;
 0.000000;0.000000;0.000000;;
 0.000000;0.000000;0.000000;;

 TextureFilename {
  "BigHikingBag02.png";
 }
}

Frame Dummy01 {
 

 FrameTransformMatrix {
  1.000000,0.000000,0.000000,0.000000,0.000000,-0.000000,-1.000000,0.000000,0.000000,1.000000,-0.000000,0.000000,0.000000,0.000000,0.000000,1.000000;;
 }

 Frame Bip01 {
  

  FrameTransformMatrix {
   -0.087155,0.982405,-0.165183,0.000000,-0.000001,0.165814,0.986157,0.000000,0.996195,0.085949,-0.014450,0.000000,-0.010000,-0.012284,0.490453,1.000000;;
  }

  Frame Bip01_Pelvis {
   

   FrameTransformMatrix {
    0.000000,1.000000,-0.000001,0.000000,-0.000001,0.000001,1.000000,0.000000,1.000000,0.000000,0.000001,0.000000,0.000000,0.000000,0.000000,1.000000;;
   }

   Frame Bip01_Spine {
    

    FrameTransformMatrix {
     0.984686,0.000002,-0.174337,0.000000,-0.000001,1.000000,0.000004,0.000000,0.174337,-0.000004,0.984686,0.000000,0.051619,0.000000,-0.000083,1.000000;;
    }

    Frame Bip01_Spine1 {
     

     FrameTransformMatrix {
      0.997819,0.052687,0.039774,0.000000,-0.044862,0.983198,-0.176942,0.000000,-0.048428,0.174771,0.983417,0.000000,0.106484,-0.000015,-0.000083,1.000000;;
     }

     Frame Bip01_Neck {
      

      FrameTransformMatrix {
       0.966067,-0.020835,0.257451,0.000000,0.025191,0.999590,-0.013632,0.000000,-0.257061,0.019655,0.966195,0.000000,0.130511,-0.000001,0.004626,1.000000;;
      }

      Frame Bip01_Head {
       

       FrameTransformMatrix {
        0.989321,-0.051753,-0.136255,0.000000,0.064251,0.993958,0.088989,0.000000,0.130826,-0.096793,0.986669,0.000000,0.033674,-0.000000,-0.000000,1.000000;;
       }
      }

      Frame Bip01_L_Clavicle {
       

       FrameTransformMatrix {
        -0.205975,0.976135,0.068811,0.000000,0.943873,0.216738,-0.249254,0.000000,-0.258220,0.013609,-0.965990,0.000000,-0.024734,0.015166,0.002017,1.000000;;
       }

       Frame Bip01_L_UpperArm {
        

        FrameTransformMatrix {
         0.385871,-0.777669,0.496320,0.000000,0.922466,0.332598,-0.196046,0.000000,-0.012616,0.533487,0.845714,0.000000,0.087086,-0.000000,-0.000000,1.000000;;
        }

        Frame Bip01_L_Forearm {
         

         FrameTransformMatrix {
          0.943939,0.000000,-0.330119,0.000000,0.000000,1.000000,-0.000000,0.000000,0.330119,-0.000000,0.943939,0.000000,0.137062,0.000000,0.000000,1.000000;;
         }

         Frame Bip01_L_Hand {
          

          FrameTransformMatrix {
           1.000000,-0.000000,0.000000,0.000000,0.000000,0.000796,1.000000,0.000000,0.000000,-1.000000,0.000796,0.000000,0.137062,0.000000,0.000000,1.000000;;
          }

          Frame Bip01_L_Finger0 {
           

           FrameTransformMatrix {
            0.690342,-0.181727,0.700288,0.000000,0.558537,0.749101,-0.356210,0.000000,-0.459853,0.637043,0.618637,0.000000,0.057681,-0.023605,-0.000272,1.000000;;
           }
          }

          Frame Bip01_L_Finger1 {
           

           FrameTransformMatrix {
            0.728079,-0.000546,0.685493,0.000000,0.000000,1.000000,0.000796,0.000000,-0.685493,-0.000580,0.728079,0.000000,0.084102,0.000000,0.000000,1.000000;;
           }
          }
         }
        }
       }
      }

      Frame Bip01_R_Clavicle {
       

       FrameTransformMatrix {
        -0.028509,-0.999573,-0.006461,0.000000,-0.965665,0.025871,0.258498,0.000000,-0.258220,0.013609,-0.965990,0.000000,-0.024080,-0.016250,0.001399,1.000000;;
       }

       Frame Bip01_R_UpperArm {
        

        FrameTransformMatrix {
         0.221390,0.975047,0.016433,0.000000,-0.974986,0.221654,-0.016512,0.000000,-0.019742,-0.012366,0.999729,0.000000,0.087086,0.000000,0.000000,1.000000;;
        }

        Frame Bip01_R_Forearm {
         

         FrameTransformMatrix {
          0.915660,-0.000000,-0.401954,0.000000,-0.000000,1.000000,-0.000000,0.000000,0.401954,-0.000000,0.915660,0.000000,0.137062,0.000000,0.000000,1.000000;;
         }

         Frame Bip01_R_Hand {
          

          FrameTransformMatrix {
           0.975195,-0.000000,-0.221346,0.000000,-0.221346,0.000796,-0.975195,0.000000,0.000176,1.000000,0.000777,0.000000,0.137062,-0.000000,0.000000,1.000000;;
          }

          Frame Bip01_R_Finger0 {
           

           FrameTransformMatrix {
            0.417774,-0.116941,0.900994,0.000000,-0.558537,0.749101,0.356210,0.000000,-0.716591,-0.652054,0.247639,0.000000,0.057681,0.023605,-0.000272,1.000000;;
           }
          }

          Frame Bip01_R_Finger1 {
           

           FrameTransformMatrix {
            0.352436,0.000745,0.935835,0.000000,0.000000,1.000000,-0.000796,0.000000,-0.935836,0.000281,0.352436,0.000000,0.084102,0.000000,0.000000,1.000000;;
           }
          }
         }
        }
       }
      }
     }

     Frame Bip01_BackPack {
      

      FrameTransformMatrix {
       0.180560,0.080500,-0.980264,0.000000,0.047560,0.994764,0.090451,0.000000,0.982413,-0.062954,0.175786,0.000000,0.063697,0.000003,-0.088856,1.000000;;
      }
     }
    }

    Frame Bip01_L_Thigh {
     

     FrameTransformMatrix {
      -0.888504,0.030427,0.457858,0.000000,-0.032107,-0.999476,0.004114,0.000000,0.457744,-0.011045,0.889016,0.000000,-0.050843,0.055225,-0.008917,1.000000;;
     }

     Frame Bip01_L_Calf {
      

      FrameTransformMatrix {
       0.942235,-0.000000,-0.334952,0.000000,-0.000000,1.000000,-0.000000,0.000000,0.334952,-0.000000,0.942235,0.000000,0.237500,0.000000,-0.000000,1.000000;;
      }

      Frame Bip01_L_Foot {
       

       FrameTransformMatrix {
        0.924325,-0.026487,0.380687,0.000000,-0.068962,0.969570,0.234901,0.000000,-0.375325,-0.243378,0.894371,0.000000,0.206841,0.000000,0.000000,1.000000;;
       }

       Frame Bip01_L_Toe0 {
        

        FrameTransformMatrix {
         0.000000,0.000000,1.000000,0.000000,0.000000,1.000000,-0.000000,0.000000,-1.000000,0.000000,0.000000,0.000000,0.065373,0.000000,0.066450,1.000000;;
        }
       }
      }
     }
    }

    Frame Bip01_R_Thigh {
     

     FrameTransformMatrix {
      -0.996965,0.030321,-0.071704,0.000000,-0.029454,-0.999480,-0.013113,0.000000,-0.072065,-0.010961,0.997340,0.000000,-0.050843,-0.055225,-0.008917,1.000000;;
     }

     Frame Bip01_R_Calf {
      

      FrameTransformMatrix {
       0.730239,0.000000,-0.683192,0.000000,0.000000,1.000000,0.000000,0.000000,0.683192,0.000000,0.730239,0.000000,0.237500,0.000000,0.000000,1.000000;;
      }

      Frame Bip01_R_Foot {
       

       FrameTransformMatrix {
        0.991957,0.087165,-0.091782,0.000000,-0.093276,0.993546,-0.064539,0.000000,0.085565,0.072581,0.993685,0.000000,0.206841,0.000000,0.000000,1.000000;;
       }

       Frame Bip01_R_Toe0 {
        

        FrameTransformMatrix {
         0.000000,0.000000,1.000000,0.000000,0.000000,1.000000,-0.000000,0.000000,-1.000000,0.000000,0.000000,0.000000,0.065373,0.000000,0.066450,1.000000;;
        }
       }
      }
     }
    }
   }

   Frame Bip01_DressFront {
    

    FrameTransformMatrix {
     -0.880185,-0.088339,0.466338,0.000000,0.121847,0.907542,0.401896,0.000000,-0.458725,0.410564,-0.788041,0.000000,-0.043935,0.001339,0.061057,1.000000;;
    }

    Frame Bip01_DressFront02 {
     

     FrameTransformMatrix {
      0.912593,0.000001,0.408870,0.000000,-0.000001,1.000000,-0.000000,0.000000,-0.408870,-0.000000,0.912593,0.000000,0.183378,-0.000000,-0.000120,1.000000;;
     }
    }
   }

   Frame Bip01_DressBack {
    

    FrameTransformMatrix {
     -0.886023,0.038029,0.462080,0.000000,0.191625,0.937561,0.290274,0.000000,-0.422190,0.345735,-0.837988,0.000000,-0.047673,-0.000048,-0.078302,1.000000;;
    }

    Frame Bip01_DressBack02 {
     

     FrameTransformMatrix {
      0.936852,0.174932,-0.302833,0.000000,-0.166408,0.984581,0.053939,0.000000,0.307600,-0.000139,0.951516,0.000000,0.176125,0.000000,-0.000103,1.000000;;
     }
    }
   }
  }

  Frame Bip01_Prop1 {
   

   FrameTransformMatrix {
    -0.233929,-0.108090,0.966227,0.000000,0.687222,0.684611,0.242967,0.000000,-0.687752,0.720849,-0.085868,0.000000,0.076452,-0.048658,-0.145664,1.000000;;
   }

   Frame BigSwatBag_RHand {
    

    FrameTransformMatrix {
     0.587604,-0.445637,-0.675373,0.000000,-0.185533,0.738229,-0.648533,0.000000,0.787591,0.506384,0.351106,0.000000,0.201351,-0.245795,-0.337006,1.000000;;
    }

    Mesh BigSwatBag_RHand {
     509;
     -0.264180;-0.243964;0.920539;,
     -0.222717;-0.224328;0.910800;,
     -0.236587;-0.211614;0.928616;,
     -0.266371;-0.258680;0.906195;,
     -0.211454;-0.234184;0.886979;,
     -0.259904;-0.269250;0.880140;,
     -0.207286;-0.237089;0.863375;,
     -0.248432;-0.269271;0.858299;,
     -0.444030;-0.049626;0.813073;,
     -0.437242;-0.007246;0.779568;,
     -0.461088;-0.045862;0.782707;,
     -0.427362;-0.018855;0.817710;,
     -0.432241;-0.009980;0.736290;,
     -0.461171;-0.051375;0.738437;,
     -0.417766;-0.022930;0.711337;,
     -0.439606;-0.056334;0.713614;,
     -0.432621;-0.083698;0.823384;,
     -0.400476;-0.046378;0.840453;,
     -0.213673;-0.229780;0.842630;,
     -0.303136;-0.245901;0.811716;,
     -0.250767;-0.192006;0.815188;,
     -0.266861;-0.276841;0.837732;,
     -0.347064;-0.199230;0.781536;,
     -0.296058;-0.145995;0.783893;,
     -0.385193;-0.156790;0.755504;,
     -0.335729;-0.105731;0.757243;,
     -0.419639;-0.110971;0.729092;,
     -0.376589;-0.064261;0.729814;,
     -0.428820;-0.064297;0.714377;,
     -0.408308;-0.032246;0.712032;,
     -0.288538;-0.258048;0.903610;,
     -0.324689;-0.207654;0.900055;,
     -0.326662;-0.226965;0.878490;,
     -0.285860;-0.239076;0.923667;,
     -0.359992;-0.171320;0.874366;,
     -0.366251;-0.187778;0.849481;,
     -0.393541;-0.132500;0.852267;,
     -0.401811;-0.147278;0.823364;,
     -0.385193;-0.156790;0.755504;,
     -0.439418;-0.101376;0.757737;,
     -0.419639;-0.110971;0.729092;,
     -0.402746;-0.150476;0.785954;,
     -0.435619;-0.100682;0.796947;,
     -0.422522;-0.089430;0.824986;,
     -0.431366;-0.103967;0.728281;,
     -0.449871;-0.097274;0.754199;,
     -0.445941;-0.096304;0.793631;,
     -0.205094;-0.183746;0.923562;,
     -0.189723;-0.180565;0.910118;,
     -0.177732;-0.185505;0.884345;,
     -0.173761;-0.193171;0.862120;,
     -0.396742;-0.001431;0.815492;,
     -0.399322;0.017087;0.785868;,
     -0.391600;0.019529;0.741997;,
     -0.384967;-0.000649;0.716410;,
     -0.364787;-0.011248;0.831874;,
     -0.197835;-0.138584;0.817105;,
     -0.167512;-0.175588;0.842816;,
     -0.243897;-0.093917;0.786764;,
     -0.285658;-0.055348;0.760597;,
     -0.330782;-0.020413;0.733639;,
     -0.376835;-0.011317;0.717037;,
     -0.190101;-0.157557;0.908595;,
     -0.240892;-0.122251;0.904343;,
     -0.209914;-0.161675;0.927553;,
     -0.220651;-0.118754;0.883863;,
     -0.276599;-0.086329;0.878634;,
     -0.259127;-0.078433;0.854911;,
     -0.314932;-0.052386;0.856290;,
     -0.298894;-0.042390;0.828631;,
     -0.285658;-0.055348;0.760597;,
     -0.342199;-0.002296;0.762712;,
     -0.293844;-0.039488;0.791526;,
     -0.330782;-0.020413;0.733639;,
     -0.344781;-0.008105;0.801595;,
     -0.357158;-0.022814;0.828330;,
     -0.337973;-0.008785;0.733060;,
     -0.346330;0.008251;0.759497;,
     -0.349196;0.002295;0.798582;,
     -0.428820;-0.064297;0.714377;,
     -0.417766;-0.022930;0.711337;,
     -0.408308;-0.032246;0.712032;,
     -0.439606;-0.056334;0.713614;,
     -0.384967;-0.000649;0.716410;,
     -0.376835;-0.011317;0.717037;,
     -0.337973;-0.008785;0.733060;,
     -0.330782;-0.020413;0.733639;,
     -0.346330;0.008251;0.759497;,
     -0.342199;-0.002296;0.762712;,
     -0.349196;0.002295;0.798582;,
     -0.344781;-0.008105;0.801595;,
     -0.364787;-0.011248;0.831874;,
     -0.357158;-0.022814;0.828330;,
     -0.400476;-0.046378;0.840453;,
     -0.390721;-0.055777;0.837018;,
     -0.432621;-0.083698;0.823384;,
     -0.422522;-0.089430;0.824986;,
     -0.445941;-0.096304;0.793631;,
     -0.435619;-0.100682;0.796947;,
     -0.449871;-0.097274;0.754199;,
     -0.439418;-0.101376;0.757737;,
     -0.431366;-0.103967;0.728281;,
     -0.419639;-0.110971;0.729092;,
     -0.288538;-0.258048;0.903610;,
     -0.285860;-0.239076;0.923667;,
     -0.251055;-0.197719;0.934622;,
     -0.209914;-0.161675;0.927553;,
     -0.190101;-0.157557;0.908595;,
     -0.173699;-0.164761;0.873128;,
     -0.167512;-0.175588;0.842816;,
     -0.213673;-0.229780;0.842630;,
     -0.266861;-0.276841;0.837732;,
     -0.279318;-0.272403;0.867723;,
     -0.289092;-0.227167;0.929784;,
     -0.290158;-0.158862;0.924866;,
     -0.322816;-0.199976;0.909307;,
     -0.258814;-0.190402;0.940501;,
     -0.318485;-0.129797;0.899588;,
     -0.353389;-0.168533;0.887653;,
     -0.222178;-0.158971;0.933208;,
     -0.248984;-0.124730;0.913085;,
     -0.279914;-0.093651;0.891413;,
     -0.251055;-0.197719;0.934622;,
     -0.289092;-0.227167;0.929784;,
     -0.285860;-0.239076;0.923667;,
     -0.258814;-0.190402;0.940501;,
     -0.322816;-0.199976;0.909307;,
     -0.324689;-0.207654;0.900055;,
     -0.353389;-0.168533;0.887653;,
     -0.359992;-0.171320;0.874366;,
     -0.318485;-0.129797;0.899588;,
     -0.319950;-0.127828;0.889000;,
     -0.279914;-0.093651;0.891413;,
     -0.276599;-0.086329;0.878634;,
     -0.248984;-0.124730;0.913085;,
     -0.240892;-0.122251;0.904343;,
     -0.222178;-0.158971;0.933208;,
     -0.209914;-0.161675;0.927553;,
     -0.361068;-0.159504;0.880690;,
     -0.360688;-0.087200;0.875940;,
     -0.391960;-0.126045;0.861907;,
     -0.327589;-0.120567;0.893666;,
     -0.390957;-0.056000;0.846073;,
     -0.418365;-0.087672;0.834932;,
     -0.288736;-0.085786;0.884391;,
     -0.321829;-0.054571;0.865495;,
     -0.359328;-0.027504;0.837953;,
     -0.319950;-0.127828;0.889000;,
     -0.361068;-0.159504;0.880690;,
     -0.359992;-0.171320;0.874366;,
     -0.327589;-0.120567;0.893666;,
     -0.391960;-0.126045;0.861907;,
     -0.393541;-0.132500;0.852267;,
     -0.418365;-0.087672;0.834932;,
     -0.422522;-0.089430;0.824986;,
     -0.390957;-0.056000;0.846073;,
     -0.390721;-0.055777;0.837018;,
     -0.359328;-0.027504;0.837953;,
     -0.357158;-0.022814;0.828330;,
     -0.321829;-0.054571;0.865495;,
     -0.314932;-0.052386;0.856290;,
     -0.288736;-0.085786;0.884391;,
     -0.276599;-0.086329;0.878634;,
     -0.282996;-0.281918;0.838611;,
     -0.326919;-0.255497;0.845049;,
     -0.313544;-0.256836;0.817319;,
     -0.294870;-0.277792;0.863428;,
     -0.330962;-0.243515;0.876570;,
     -0.302212;-0.265062;0.894982;,
     -0.350873;-0.228905;0.828287;,
     -0.336676;-0.231251;0.800728;,
     -0.355724;-0.219495;0.859899;,
     -0.365159;-0.207711;0.816665;,
     -0.352117;-0.209753;0.789277;,
     -0.369211;-0.199291;0.847516;,
     -0.288538;-0.258048;0.903610;,
     -0.294870;-0.277792;0.863428;,
     -0.279318;-0.272403;0.867723;,
     -0.302212;-0.265062;0.894982;,
     -0.282996;-0.281918;0.838611;,
     -0.266861;-0.276841;0.837732;,
     -0.303136;-0.245901;0.811716;,
     -0.336676;-0.231251;0.800728;,
     -0.325271;-0.222604;0.796537;,
     -0.313544;-0.256836;0.817319;,
     -0.352117;-0.209753;0.789277;,
     -0.347064;-0.199230;0.781536;,
     -0.365159;-0.207711;0.816665;,
     -0.359294;-0.194575;0.815098;,
     -0.369211;-0.199291;0.847516;,
     -0.366251;-0.187778;0.849481;,
     -0.355724;-0.219495;0.859899;,
     -0.346381;-0.207343;0.864086;,
     -0.330962;-0.243515;0.876570;,
     -0.326662;-0.226965;0.878490;,
     -0.160188;-0.156839;0.844886;,
     -0.187464;-0.113697;0.852058;,
     -0.166991;-0.147938;0.869890;,
     -0.186414;-0.126888;0.823867;,
     -0.202878;-0.112916;0.883174;,
     -0.181735;-0.142136;0.900864;,
     -0.213764;-0.089287;0.835112;,
     -0.211365;-0.103613;0.807013;,
     -0.226533;-0.087745;0.866301;,
     -0.235188;-0.075397;0.823329;,
     -0.231753;-0.086748;0.795438;,
     -0.245395;-0.072906;0.853794;,
     -0.173699;-0.164761;0.873128;,
     -0.181735;-0.142136;0.900864;,
     -0.190101;-0.157557;0.908595;,
     -0.166991;-0.147938;0.869890;,
     -0.202878;-0.112916;0.883174;,
     -0.220651;-0.118754;0.883863;,
     -0.226533;-0.087745;0.866301;,
     -0.239618;-0.098301;0.869373;,
     -0.245395;-0.072906;0.853794;,
     -0.259127;-0.078433;0.854911;,
     -0.235188;-0.075397;0.823329;,
     -0.250475;-0.083502;0.820614;,
     -0.231753;-0.086748;0.795438;,
     -0.243897;-0.093917;0.786764;,
     -0.211365;-0.103613;0.807013;,
     -0.220940;-0.116161;0.801841;,
     -0.186414;-0.126888;0.823867;,
     -0.197843;-0.138576;0.817118;,
     -0.167512;-0.175588;0.842816;,
     -0.160188;-0.156839;0.844886;,
     -0.351980;-0.207089;0.785971;,
     -0.388476;-0.187434;0.802058;,
     -0.373655;-0.186913;0.773549;,
     -0.371030;-0.200499;0.812346;,
     -0.394736;-0.173149;0.831046;,
     -0.374703;-0.191385;0.844221;,
     -0.409744;-0.163589;0.787104;,
     -0.394265;-0.164814;0.759668;,
     -0.412140;-0.151012;0.818640;,
     -0.424512;-0.137409;0.773790;,
     -0.408589;-0.140693;0.747822;,
     -0.426227;-0.129678;0.805695;,
     -0.366251;-0.187778;0.849481;,
     -0.371030;-0.200499;0.812346;,
     -0.359294;-0.194575;0.815098;,
     -0.374703;-0.191385;0.844221;,
     -0.351980;-0.207089;0.785971;,
     -0.347064;-0.199230;0.781536;,
     -0.365152;-0.179256;0.769159;,
     -0.394265;-0.164814;0.759668;,
     -0.385193;-0.156790;0.755504;,
     -0.373655;-0.186913;0.773549;,
     -0.408589;-0.140693;0.747822;,
     -0.403569;-0.132272;0.741391;,
     -0.424512;-0.137409;0.773790;,
     -0.420492;-0.126709;0.772298;,
     -0.426227;-0.129678;0.805695;,
     -0.423143;-0.118190;0.806791;,
     -0.412140;-0.151012;0.818640;,
     -0.401811;-0.147278;0.823364;,
     -0.394736;-0.173149;0.831046;,
     -0.387271;-0.163732;0.833926;,
     -0.232847;-0.085697;0.792169;,
     -0.256313;-0.052921;0.808745;,
     -0.243276;-0.070518;0.818724;,
     -0.254761;-0.065670;0.779754;,
     -0.273389;-0.049492;0.837407;,
     -0.254180;-0.068523;0.850461;,
     -0.283038;-0.034602;0.793388;,
     -0.279562;-0.045497;0.764652;,
     -0.295495;-0.032468;0.824527;,
     -0.307747;-0.018211;0.780039;,
     -0.300514;-0.030615;0.753223;,
     -0.316026;-0.017659;0.811458;,
     -0.250475;-0.083502;0.820614;,
     -0.254180;-0.068523;0.850461;,
     -0.259127;-0.078433;0.854911;,
     -0.243276;-0.070518;0.818724;,
     -0.273389;-0.049492;0.837407;,
     -0.282640;-0.057080;0.839306;,
     -0.295495;-0.032468;0.824527;,
     -0.298894;-0.042390;0.828631;,
     -0.316026;-0.017659;0.811458;,
     -0.327543;-0.020759;0.811683;,
     -0.307747;-0.018211;0.780039;,
     -0.317218;-0.021458;0.777582;,
     -0.300514;-0.030615;0.753223;,
     -0.309819;-0.036726;0.746188;,
     -0.279562;-0.045497;0.764652;,
     -0.285658;-0.055348;0.760597;,
     -0.254761;-0.065670;0.779754;,
     -0.263650;-0.075552;0.774746;,
     -0.243897;-0.093917;0.786764;,
     -0.232847;-0.085697;0.792169;,
     -0.266861;-0.276841;0.837732;,
     -0.295875;-0.243509;0.792560;,
     -0.303136;-0.245901;0.811716;,
     -0.264101;-0.271785;0.811743;,
     -0.305578;-0.255383;0.791591;,
     -0.313544;-0.256836;0.817319;,
     -0.276771;-0.277780;0.809152;,
     -0.282996;-0.281918;0.838611;,
     -0.197843;-0.138576;0.817118;,
     -0.174703;-0.180819;0.816341;,
     -0.167512;-0.175588;0.842816;,
     -0.202331;-0.148316;0.797172;,
     -0.167436;-0.166410;0.814848;,
     -0.160188;-0.156839;0.844886;,
     -0.190540;-0.138654;0.798602;,
     -0.186414;-0.126888;0.823867;,
     -0.263650;-0.075552;0.774746;,
     -0.232847;-0.085697;0.792169;,
     -0.243897;-0.093917;0.786764;,
     -0.232847;-0.085697;0.792169;,
     -0.263650;-0.075552;0.774746;,
     -0.254761;-0.065670;0.779754;,
     -0.365152;-0.179256;0.769159;,
     -0.351980;-0.207089;0.785971;,
     -0.373655;-0.186913;0.773549;,
     -0.351980;-0.207089;0.785971;,
     -0.365152;-0.179256;0.769159;,
     -0.347064;-0.199230;0.781536;,
     -0.178525;-0.186571;0.808682;,
     -0.202331;-0.148316;0.797172;,
     -0.204496;-0.156376;0.791730;,
     -0.174703;-0.180819;0.816341;,
     -0.170203;-0.173477;0.808982;,
     -0.174703;-0.180819;0.816341;,
     -0.178525;-0.186571;0.808682;,
     -0.167436;-0.166410;0.814848;,
     -0.191375;-0.147994;0.791561;,
     -0.190540;-0.138654;0.798602;,
     -0.287576;-0.240280;0.787487;,
     -0.264101;-0.271785;0.811743;,
     -0.259379;-0.265909;0.807356;,
     -0.295875;-0.243509;0.792560;,
     -0.294477;-0.253198;0.786289;,
     -0.305578;-0.255383;0.791591;,
     -0.269614;-0.274338;0.803663;,
     -0.276771;-0.277780;0.809152;,
     -0.259379;-0.265909;0.807356;,
     -0.264101;-0.271785;0.811743;,
     -0.190158;-0.197907;0.806583;,
     -0.212589;-0.169448;0.786183;,
     -0.186965;-0.192811;0.799735;,
     -0.190158;-0.197907;0.806583;,
     -0.205363;-0.169429;0.782954;,
     -0.274000;-0.231010;0.782325;,
     -0.246378;-0.254553;0.802739;,
     -0.272324;-0.237051;0.779453;,
     -0.249616;-0.255693;0.796149;,
     -0.246378;-0.254553;0.802739;,
     -0.217528;-0.226418;0.801337;,
     -0.242447;-0.200941;0.780897;,
     -0.217159;-0.226337;0.792522;,
     -0.217528;-0.226418;0.801337;,
     -0.238465;-0.204569;0.775354;,
     -0.317799;-0.047060;0.735450;,
     -0.341568;-0.081240;0.749579;,
     -0.340058;-0.060336;0.723205;,
     -0.320406;-0.066887;0.761770;,
     -0.329715;-0.038992;0.734485;,
     -0.347816;-0.074396;0.752366;,
     -0.326654;-0.060042;0.764558;,
     -0.348530;-0.051901;0.725118;,
     -0.340058;-0.060336;0.723205;,
     -0.341568;-0.081240;0.749579;,
     -0.341568;-0.081240;0.749579;,
     -0.326654;-0.060042;0.764558;,
     -0.347816;-0.074396;0.752366;,
     -0.326654;-0.060042;0.764558;,
     -0.341568;-0.081240;0.749579;,
     -0.320406;-0.066887;0.761770;,
     -0.334397;-0.064761;0.719827;,
     -0.317026;-0.052445;0.727711;,
     -0.342569;-0.056069;0.714805;,
     -0.334397;-0.064761;0.719827;,
     -0.326394;-0.045017;0.718946;,
     -0.325550;-0.070923;0.721989;,
     -0.307922;-0.057138;0.725198;,
     -0.325023;-0.068605;0.709742;,
     -0.325550;-0.070923;0.721989;,
     -0.308862;-0.055058;0.711972;,
     -0.294131;-0.087536;0.727700;,
     -0.282213;-0.070000;0.728791;,
     -0.294375;-0.086859;0.718997;,
     -0.294131;-0.087536;0.727700;,
     -0.281322;-0.068881;0.719032;,
     -0.264188;-0.104237;0.738045;,
     -0.254784;-0.084942;0.742945;,
     -0.266521;-0.101485;0.728824;,
     -0.264188;-0.104237;0.738045;,
     -0.256276;-0.082027;0.732757;,
     -0.238504;-0.118508;0.753009;,
     -0.231731;-0.096641;0.757573;,
     -0.236570;-0.116464;0.744378;,
     -0.238504;-0.118508;0.753009;,
     -0.228173;-0.096287;0.750834;,
     -0.216275;-0.135963;0.773974;,
     -0.211663;-0.117631;0.778008;,
     -0.206599;-0.133133;0.769990;,
     -0.216275;-0.135963;0.773974;,
     -0.201987;-0.114801;0.774024;,
     -0.204337;-0.138461;0.786752;,
     -0.202328;-0.132619;0.790226;,
     -0.199766;-0.138623;0.785720;,
     -0.204337;-0.138461;0.786752;,
     -0.196919;-0.131926;0.789236;,
     -0.202328;-0.132619;0.790226;,
     -0.194393;-0.148161;0.811261;,
     -0.189885;-0.137672;0.810806;,
     -0.194393;-0.148161;0.811261;,
     -0.202328;-0.132619;0.790226;,
     -0.204337;-0.138461;0.786752;,
     -0.204337;-0.138461;0.786752;,
     -0.189530;-0.148175;0.813006;,
     -0.194393;-0.148161;0.811261;,
     -0.189530;-0.148175;0.813006;,
     -0.204337;-0.138461;0.786752;,
     -0.199766;-0.138623;0.785720;,
     -0.199766;-0.138623;0.785720;,
     -0.186083;-0.138767;0.812496;,
     -0.189530;-0.148175;0.813006;,
     -0.186083;-0.138767;0.812496;,
     -0.199766;-0.138623;0.785720;,
     -0.196919;-0.131926;0.789236;,
     -0.196919;-0.131926;0.789236;,
     -0.189885;-0.137672;0.810806;,
     -0.186083;-0.138767;0.812496;,
     -0.189885;-0.137672;0.810806;,
     -0.196919;-0.131926;0.789236;,
     -0.202328;-0.132619;0.790226;,
     -0.393939;-0.125539;0.732287;,
     -0.363189;-0.098042;0.754746;,
     -0.377003;-0.120713;0.764629;,
     -0.382056;-0.104030;0.721341;,
     -0.382056;-0.104030;0.721341;,
     -0.370112;-0.092281;0.758285;,
     -0.363189;-0.098042;0.754746;,
     -0.390624;-0.095686;0.723016;,
     -0.378315;-0.112133;0.718255;,
     -0.393566;-0.128384;0.723108;,
     -0.385342;-0.102376;0.713372;,
     -0.378315;-0.112133;0.718255;,
     -0.399213;-0.118650;0.715851;,
     -0.406283;-0.112620;0.727670;,
     -0.372875;-0.119669;0.719448;,
     -0.386707;-0.138033;0.721156;,
     -0.374489;-0.119260;0.707104;,
     -0.372875;-0.119669;0.719448;,
     -0.388129;-0.136406;0.707692;,
     -0.354041;-0.148594;0.724634;,
     -0.371997;-0.161600;0.724070;,
     -0.354755;-0.148396;0.715907;,
     -0.354041;-0.148594;0.724634;,
     -0.372272;-0.161880;0.713625;,
     -0.337277;-0.178726;0.734305;,
     -0.357068;-0.189186;0.737711;,
     -0.340079;-0.176453;0.725060;,
     -0.337277;-0.178726;0.734305;,
     -0.359499;-0.187227;0.727475;,
     -0.323727;-0.205364;0.748648;,
     -0.345654;-0.212746;0.751743;,
     -0.325296;-0.206890;0.739838;,
     -0.323727;-0.205364;0.748648;,
     -0.345598;-0.215961;0.744826;,
     -0.306899;-0.228323;0.769336;,
     -0.325314;-0.233458;0.772192;,
     -0.309330;-0.237831;0.764733;,
     -0.306899;-0.228323;0.769336;,
     -0.327744;-0.242967;0.767589;,
     -0.304262;-0.240300;0.781639;,
     -0.312540;-0.244942;0.784586;,
     -0.303956;-0.244808;0.780388;,
     -0.304262;-0.240300;0.781639;,
     -0.310762;-0.247949;0.783410;,
     -0.312540;-0.244942;0.784586;,
     -0.294056;-0.251057;0.806425;,
     -0.304262;-0.240300;0.781639;,
     -0.294056;-0.251057;0.806425;,
     -0.312540;-0.244942;0.784586;,
     -0.303330;-0.259584;0.806761;,
     -0.304262;-0.240300;0.781639;,
     -0.294031;-0.256002;0.807922;,
     -0.303956;-0.244808;0.780388;,
     -0.294031;-0.256002;0.807922;,
     -0.304262;-0.240300;0.781639;,
     -0.294056;-0.251057;0.806425;,
     -0.303956;-0.244808;0.780388;,
     -0.302948;-0.257871;0.806516;,
     -0.310762;-0.247949;0.783410;,
     -0.302948;-0.257871;0.806516;,
     -0.303956;-0.244808;0.780388;,
     -0.294031;-0.256002;0.807922;,
     -0.303330;-0.259584;0.806761;,
     -0.310762;-0.247949;0.783410;,
     -0.302948;-0.257871;0.806516;,
     -0.310762;-0.247949;0.783410;,
     -0.303330;-0.259584;0.806761;,
     -0.312540;-0.244942;0.784586;,
     -0.406283;-0.112620;0.727670;,
     -0.370112;-0.092281;0.758285;,
     -0.390624;-0.095686;0.723016;,
     -0.370112;-0.092281;0.758285;,
     -0.406283;-0.112620;0.727670;,
     -0.385404;-0.110707;0.760054;,
     -0.385404;-0.110707;0.760054;,
     -0.393939;-0.125539;0.732287;,
     -0.377003;-0.120713;0.764629;,
     -0.393939;-0.125539;0.732287;,
     -0.385404;-0.110707;0.760054;,
     -0.406283;-0.112620;0.727670;;
     510;
     3;0,1,2;,
     3;1,0,3;,
     3;3,4,1;,
     3;4,3,5;,
     3;5,6,4;,
     3;6,5,7;,
     3;8,9,10;,
     3;9,8,11;,
     3;10,12,13;,
     3;12,10,9;,
     3;13,14,15;,
     3;14,13,12;,
     3;16,11,8;,
     3;11,16,17;,
     3;18,19,20;,
     3;19,18,21;,
     3;20,22,23;,
     3;22,20,19;,
     3;23,24,25;,
     3;24,23,22;,
     3;25,26,27;,
     3;26,25,24;,
     3;27,28,29;,
     3;28,27,26;,
     3;30,31,32;,
     3;31,30,33;,
     3;32,34,35;,
     3;34,32,31;,
     3;35,36,37;,
     3;36,35,34;,
     3;38,39,40;,
     3;39,38,41;,
     3;41,42,39;,
     3;42,41,37;,
     3;37,43,42;,
     3;43,37,36;,
     3;44,13,15;,
     3;13,44,45;,
     3;45,10,13;,
     3;10,45,46;,
     3;46,8,10;,
     3;8,46,16;,
     3;47,1,48;,
     3;1,47,2;,
     3;48,4,49;,
     3;4,48,1;,
     3;49,6,50;,
     3;6,49,4;,
     3;51,9,11;,
     3;9,51,52;,
     3;52,12,9;,
     3;12,52,53;,
     3;53,14,12;,
     3;14,53,54;,
     3;55,11,17;,
     3;11,55,51;,
     3;18,56,57;,
     3;56,18,20;,
     3;20,58,56;,
     3;58,20,23;,
     3;23,59,58;,
     3;59,23,25;,
     3;25,60,59;,
     3;60,25,27;,
     3;27,61,60;,
     3;61,27,29;,
     3;62,63,64;,
     3;63,62,65;,
     3;65,66,63;,
     3;66,65,67;,
     3;67,68,66;,
     3;68,67,69;,
     3;70,71,72;,
     3;71,70,73;,
     3;72,74,69;,
     3;74,72,71;,
     3;69,75,68;,
     3;75,69,74;,
     3;76,53,77;,
     3;53,76,54;,
     3;77,52,78;,
     3;52,77,53;,
     3;78,51,55;,
     3;51,78,52;,
     3;79,80,81;,
     3;80,79,82;,
     3;81,83,84;,
     3;83,81,80;,
     3;84,85,86;,
     3;85,84,83;,
     3;86,87,88;,
     3;87,86,85;,
     3;88,89,90;,
     3;89,88,87;,
     3;90,91,92;,
     3;91,90,89;,
     3;92,93,94;,
     3;93,92,91;,
     3;94,95,96;,
     3;95,94,93;,
     3;96,97,98;,
     3;97,96,95;,
     3;98,99,100;,
     3;99,98,97;,
     3;100,101,102;,
     3;101,100,99;,
     3;102,82,79;,
     3;82,102,101;,
     3;103,0,104;,
     3;0,103,3;,
     3;104,2,105;,
     3;2,104,0;,
     3;105,47,106;,
     3;47,105,2;,
     3;106,48,107;,
     3;48,106,47;,
     3;107,49,108;,
     3;49,107,48;,
     3;108,50,109;,
     3;50,108,49;,
     3;109,6,110;,
     3;6,109,50;,
     3;110,7,111;,
     3;7,110,6;,
     3;111,5,112;,
     3;5,111,7;,
     3;112,3,103;,
     3;3,112,5;,
     3;113,114,115;,
     3;114,113,116;,
     3;115,117,118;,
     3;117,115,114;,
     3;119,114,116;,
     3;114,119,120;,
     3;120,117,114;,
     3;117,120,121;,
     3;122,123,124;,
     3;123,122,125;,
     3;124,126,127;,
     3;126,124,123;,
     3;127,128,129;,
     3;128,127,126;,
     3;129,130,131;,
     3;130,129,128;,
     3;131,132,133;,
     3;132,131,130;,
     3;133,134,135;,
     3;134,133,132;,
     3;135,136,137;,
     3;136,135,134;,
     3;137,125,122;,
     3;125,137,136;,
     3;138,139,140;,
     3;139,138,141;,
     3;140,142,143;,
     3;142,140,139;,
     3;144,139,141;,
     3;139,144,145;,
     3;145,142,139;,
     3;142,145,146;,
     3;147,148,149;,
     3;148,147,150;,
     3;149,151,152;,
     3;151,149,148;,
     3;152,153,154;,
     3;153,152,151;,
     3;154,155,156;,
     3;155,154,153;,
     3;156,157,158;,
     3;157,156,155;,
     3;158,159,160;,
     3;159,158,157;,
     3;160,161,162;,
     3;161,160,159;,
     3;162,150,147;,
     3;150,162,161;,
     3;163,164,165;,
     3;164,163,166;,
     3;166,167,164;,
     3;167,166,168;,
     3;165,169,170;,
     3;169,165,164;,
     3;164,171,169;,
     3;171,164,167;,
     3;170,172,173;,
     3;172,170,169;,
     3;169,174,172;,
     3;174,169,171;,
     3;175,176,177;,
     3;176,175,178;,
     3;177,179,180;,
     3;179,177,176;,
     3;181,182,183;,
     3;182,181,184;,
     3;183,185,186;,
     3;185,183,182;,
     3;186,187,188;,
     3;187,186,185;,
     3;188,189,190;,
     3;189,188,187;,
     3;190,191,192;,
     3;191,190,189;,
     3;192,193,194;,
     3;193,192,191;,
     3;194,178,175;,
     3;178,194,193;,
     3;195,196,197;,
     3;196,195,198;,
     3;197,199,200;,
     3;199,197,196;,
     3;198,201,196;,
     3;201,198,202;,
     3;196,203,199;,
     3;203,196,201;,
     3;202,204,201;,
     3;204,202,205;,
     3;201,206,203;,
     3;206,201,204;,
     3;207,208,209;,
     3;208,207,210;,
     3;209,211,212;,
     3;211,209,208;,
     3;212,213,214;,
     3;213,212,211;,
     3;214,215,216;,
     3;215,214,213;,
     3;216,217,218;,
     3;217,216,215;,
     3;218,219,220;,
     3;219,218,217;,
     3;220,221,222;,
     3;221,220,219;,
     3;222,223,224;,
     3;223,222,221;,
     3;225,210,207;,
     3;210,225,226;,
     3;227,228,229;,
     3;228,227,230;,
     3;230,231,228;,
     3;231,230,232;,
     3;229,233,234;,
     3;233,229,228;,
     3;228,235,233;,
     3;235,228,231;,
     3;234,236,237;,
     3;236,234,233;,
     3;233,238,236;,
     3;238,233,235;,
     3;239,240,241;,
     3;240,239,242;,
     3;241,243,244;,
     3;243,241,240;,
     3;245,246,247;,
     3;246,245,248;,
     3;247,249,250;,
     3;249,247,246;,
     3;250,251,252;,
     3;251,250,249;,
     3;252,253,254;,
     3;253,252,251;,
     3;254,255,256;,
     3;255,254,253;,
     3;256,257,258;,
     3;257,256,255;,
     3;258,242,239;,
     3;242,258,257;,
     3;259,260,261;,
     3;260,259,262;,
     3;261,263,264;,
     3;263,261,260;,
     3;262,265,260;,
     3;265,262,266;,
     3;260,267,263;,
     3;267,260,265;,
     3;266,268,265;,
     3;268,266,269;,
     3;265,270,267;,
     3;270,265,268;,
     3;271,272,273;,
     3;272,271,274;,
     3;273,275,276;,
     3;275,273,272;,
     3;276,277,278;,
     3;277,276,275;,
     3;278,279,280;,
     3;279,278,277;,
     3;280,281,282;,
     3;281,280,279;,
     3;282,283,284;,
     3;283,282,281;,
     3;284,285,286;,
     3;285,284,283;,
     3;286,287,288;,
     3;287,286,285;,
     3;289,274,271;,
     3;274,289,290;,
     3;291,292,293;,
     3;292,291,294;,
     3;293,295,296;,
     3;295,293,292;,
     3;296,297,298;,
     3;297,296,295;,
     3;298,294,291;,
     3;294,298,297;,
     3;299,300,301;,
     3;300,299,302;,
     3;301,303,304;,
     3;303,301,300;,
     3;304,305,306;,
     3;305,304,303;,
     3;306,302,299;,
     3;302,306,305;,
     3;307,308,309;,
     3;310,311,312;,
     3;313,314,315;,
     3;316,317,318;,
     3;319,320,321;,
     3;320,319,322;,
     3;323,324,325;,
     3;324,323,326;,
     3;327,326,323;,
     3;326,327,328;,
     3;321,328,327;,
     3;328,321,320;,
     3;329,330,331;,
     3;330,329,332;,
     3;333,332,329;,
     3;332,333,334;,
     3;335,334,333;,
     3;334,335,336;,
     3;337,336,335;,
     3;336,337,338;,
     3;339,321,340;,
     3;321,339,319;,
     3;341,325,342;,
     3;325,341,323;,
     3;343,323,341;,
     3;323,343,327;,
     3;340,327,343;,
     3;327,340,321;,
     3;344,331,345;,
     3;331,344,329;,
     3;346,329,344;,
     3;329,346,333;,
     3;347,333,346;,
     3;333,347,335;,
     3;348,335,347;,
     3;335,348,337;,
     3;349,340,350;,
     3;340,349,339;,
     3;351,342,352;,
     3;342,351,341;,
     3;353,341,351;,
     3;341,353,343;,
     3;350,343,353;,
     3;343,350,340;,
     3;350,345,349;,
     3;345,350,344;,
     3;353,344,350;,
     3;344,353,346;,
     3;351,346,353;,
     3;346,351,347;,
     3;352,347,351;,
     3;347,352,348;,
     3;354,355,356;,
     3;355,354,357;,
     3;358,359,360;,
     3;359,358,361;,
     3;362,359,361;,
     3;359,362,363;,
     3;364,365,366;,
     3;367,368,369;,
     3;357,358,360;,
     3;358,357,354;,
     3;354,370,371;,
     3;370,354,356;,
     3;362,372,373;,
     3;372,362,361;,
     3;361,374,372;,
     3;374,361,358;,
     3;358,371,374;,
     3;371,358,354;,
     3;371,375,376;,
     3;375,371,370;,
     3;373,377,378;,
     3;377,373,372;,
     3;372,379,377;,
     3;379,372,374;,
     3;374,376,379;,
     3;376,374,371;,
     3;376,380,381;,
     3;380,376,375;,
     3;378,382,383;,
     3;382,378,377;,
     3;377,384,382;,
     3;384,377,379;,
     3;379,381,384;,
     3;381,379,376;,
     3;381,385,386;,
     3;385,381,380;,
     3;383,387,388;,
     3;387,383,382;,
     3;382,389,387;,
     3;389,382,384;,
     3;384,386,389;,
     3;386,384,381;,
     3;386,390,391;,
     3;390,386,385;,
     3;388,392,393;,
     3;392,388,387;,
     3;387,394,392;,
     3;394,387,389;,
     3;389,391,394;,
     3;391,389,386;,
     3;391,395,396;,
     3;395,391,390;,
     3;393,397,398;,
     3;397,393,392;,
     3;392,399,397;,
     3;399,392,394;,
     3;394,396,399;,
     3;396,394,391;,
     3;396,400,401;,
     3;400,396,395;,
     3;398,402,403;,
     3;402,398,397;,
     3;397,404,402;,
     3;404,397,399;,
     3;399,401,404;,
     3;401,399,396;,
     3;405,406,407;,
     3;408,409,410;,
     3;411,412,413;,
     3;414,415,416;,
     3;417,418,419;,
     3;420,421,422;,
     3;423,424,425;,
     3;426,427,428;,
     3;429,430,431;,
     3;430,429,432;,
     3;433,434,435;,
     3;434,433,436;,
     3;429,437,432;,
     3;437,429,438;,
     3;433,439,436;,
     3;439,433,440;,
     3;436,441,442;,
     3;441,436,439;,
     3;442,438,429;,
     3;438,442,441;,
     3;438,443,437;,
     3;443,438,444;,
     3;440,445,439;,
     3;445,440,446;,
     3;439,447,441;,
     3;447,439,445;,
     3;441,444,438;,
     3;444,441,447;,
     3;444,448,443;,
     3;448,444,449;,
     3;446,450,445;,
     3;450,446,451;,
     3;445,452,447;,
     3;452,445,450;,
     3;447,449,444;,
     3;449,447,452;,
     3;449,453,448;,
     3;453,449,454;,
     3;451,455,450;,
     3;455,451,456;,
     3;450,457,452;,
     3;457,450,455;,
     3;452,454,449;,
     3;454,452,457;,
     3;454,458,453;,
     3;458,454,459;,
     3;456,460,455;,
     3;460,456,461;,
     3;455,462,457;,
     3;462,455,460;,
     3;457,459,454;,
     3;459,457,462;,
     3;459,463,458;,
     3;463,459,464;,
     3;461,465,460;,
     3;465,461,466;,
     3;460,467,462;,
     3;467,460,465;,
     3;462,464,459;,
     3;464,462,467;,
     3;464,468,463;,
     3;468,464,469;,
     3;466,470,465;,
     3;470,466,471;,
     3;465,472,467;,
     3;472,465,470;,
     3;467,469,464;,
     3;469,467,472;,
     3;473,474,475;,
     3;476,477,478;,
     3;479,480,481;,
     3;482,483,484;,
     3;485,486,487;,
     3;488,489,490;,
     3;491,492,493;,
     3;494,495,496;,
     3;497,498,499;,
     3;500,501,502;,
     3;503,504,505;,
     3;506,507,508;;

     MeshNormals {
      509;
      0.184877;-0.572108;0.799070;,
      0.546945;-0.566147;0.616708;,
      0.321608;-0.361245;0.875255;,
      0.167818;-0.812460;0.558342;,
      0.657125;-0.661039;0.362234;,
