xof 0303txt 0032
template ColorRGBA {
 <35ff44e0-6c7c-11cf-8f52-0040333594a3>
 FLOAT red;
 FLOAT green;
 FLOAT blue;
 FLOAT alpha;
}

template ColorRGB {
 <d3e16e81-7835-11cf-8f52-0040333594a3>
 FLOAT red;
 FLOAT green;
 FLOAT blue;
}

template Material {
 <3d82ab4d-62da-11cf-ab39-0020af71e433>
 ColorRGBA faceColor;
 FLOAT power;
 ColorRGB specularColor;
 ColorRGB emissiveColor;
 [...]
}

template TextureFilename {
 <a42790e1-7810-11cf-8f52-0040333594a3>
 STRING filename;
}

template Frame {
 <3d82ab46-62da-11cf-ab39-0020af71e433>
 [...]
}

template Matrix4x4 {
 <f6f23f45-7686-11cf-8f52-0040333594a3>
 array FLOAT matrix[16];
}

template FrameTransformMatrix {
 <f6f23f41-7686-11cf-8f52-0040333594a3>
 Matrix4x4 frameMatrix;
}

template Vector {
 <3d82ab5e-62da-11cf-ab39-0020af71e433>
 FLOAT x;
 FLOAT y;
 FLOAT z;
}

template MeshFace {
 <3d82ab5f-62da-11cf-ab39-0020af71e433>
 DWORD nFaceVertexIndices;
 array DWORD faceVertexIndices[nFaceVertexIndices];
}

template Mesh {
 <3d82ab44-62da-11cf-ab39-0020af71e433>
 DWORD nVertices;
 array Vector vertices[nVertices];
 DWORD nFaces;
 array MeshFace faces[nFaces];
 [...]
}

template MeshNormals {
 <f6f23f43-7686-11cf-8f52-0040333594a3>
 DWORD nNormals;
 array Vector normals[nNormals];
 DWORD nFaceNormals;
 array MeshFace faceNormals[nFaceNormals];
}

template MeshMaterialList {
 <f6f23f42-7686-11cf-8f52-0040333594a3>
 DWORD nMaterials;
 DWORD nFaceIndexes;
 array DWORD faceIndexes[nFaceIndexes];
 [Material <3d82ab4d-62da-11cf-ab39-0020af71e433>]
}

template Coords2d {
 <f6f23f44-7686-11cf-8f52-0040333594a3>
 FLOAT u;
 FLOAT v;
}

template MeshTextureCoords {
 <f6f23f40-7686-11cf-8f52-0040333594a3>
 DWORD nTextureCoords;
 array Coords2d textureCoords[nTextureCoords];
}

template XSkinMeshHeader {
 <3cf169ce-ff7c-44ab-93c0-f78f62d172e2>
 WORD nMaxSkinWeightsPerVertex;
 WORD nMaxSkinWeightsPerFace;
 WORD nBones;
}

template SkinWeights {
 <6f0d123b-bad2-4167-a0d0-80224f25fabb>
 STRING transformNodeName;
 DWORD nWeights;
 array DWORD vertexIndices[nWeights];
 array FLOAT weights[nWeights];
 Matrix4x4 matrixOffset;
}

template AnimTicksPerSecond {
 <9e415a43-7ba6-4a73-8743-b73d47e88476>
 DWORD AnimTicksPerSecond;
}

template Animation {
 <3d82ab4f-62da-11cf-ab39-0020af71e433>
 [...]
}

template AnimationSet {
 <3d82ab50-62da-11cf-ab39-0020af71e433>
 [Animation <3d82ab4f-62da-11cf-ab39-0020af71e433>]
}

template FloatKeys {
 <10dd46a9-775b-11cf-8f52-0040333594a3>
 DWORD nValues;
 array FLOAT values[nValues];
}

template TimedFloatKeys {
 <f406b180-7b3b-11cf-8f52-0040333594a3>
 DWORD time;
 FloatKeys tfkeys;
}

template AnimationKey {
 <10dd46a8-775b-11cf-8f52-0040333594a3>
 DWORD keyType;
 DWORD nKeys;
 array TimedFloatKeys keys[nKeys];
}


Material Material__179 {
 1.000000;1.000000;1.000000;1.000000;;
 9.999999;
 0.000000;0.000000;0.000000;;
 0.000000;0.000000;0.000000;;

 TextureFilename {
  "BigHikingBag02.png";
 }
}

Frame Dummy01 {
 

 FrameTransformMatrix {
  1.000000,0.000000,0.000000,0.000000,0.000000,-0.000000,-1.000000,0.000000,0.000000,1.000000,-0.000000,0.000000,0.000000,0.000000,0.000000,1.000000;;
 }

 Frame Bip01 {
  

  FrameTransformMatrix {
   -0.087155,0.982405,-0.165183,0.000000,-0.000001,0.165814,0.986157,0.000000,0.996195,0.085949,-0.014450,0.000000,-0.010000,-0.012284,0.490453,1.000000;;
  }

  Frame Bip01_Pelvis {
   

   FrameTransformMatrix {
    0.000000,1.000000,-0.000001,0.000000,-0.000001,0.000001,1.000000,0.000000,1.000000,0.000000,0.000001,0.000000,0.000000,0.000000,0.000000,1.000000;;
   }

   Frame Bip01_Spine {
    

    FrameTransformMatrix {
     0.984686,0.000002,-0.174337,0.000000,-0.000001,1.000000,0.000004,0.000000,0.174337,-0.000004,0.984686,0.000000,0.051619,0.000000,-0.000083,1.000000;;
    }

    Frame Bip01_Spine1 {
     

     FrameTransformMatrix {
      0.997819,0.052687,0.039774,0.000000,-0.044862,0.983198,-0.176942,0.000000,-0.048428,0.174771,0.983417,0.000000,0.106484,-0.000015,-0.000083,1.000000;;
     }

     Frame Bip01_Neck {
      

      FrameTransformMatrix {
       0.966067,-0.020835,0.257451,0.000000,0.025191,0.999590,-0.013632,0.000000,-0.257061,0.019655,0.966195,0.000000,0.130511,-0.000001,0.004626,1.000000;;
      }

      Frame Bip01_Head {
       

       FrameTransformMatrix {
        0.989321,-0.051753,-0.136255,0.000000,0.064251,0.993958,0.088989,0.000000,0.130826,-0.096793,0.986669,0.000000,0.033674,-0.000000,-0.000000,1.000000;;
       }
      }

      Frame Bip01_L_Clavicle {
       

       FrameTransformMatrix {
        -0.205975,0.976135,0.068811,0.000000,0.943873,0.216738,-0.249254,0.000000,-0.258220,0.013609,-0.965990,0.000000,-0.024734,0.015166,0.002017,1.000000;;
       }

       Frame Bip01_L_UpperArm {
        

        FrameTransformMatrix {
         0.385871,-0.777669,0.496320,0.000000,0.922466,0.332598,-0.196046,0.000000,-0.012616,0.533487,0.845714,0.000000,0.087086,-0.000000,-0.000000,1.000000;;
        }

        Frame Bip01_L_Forearm {
         

         FrameTransformMatrix {
          0.943939,0.000000,-0.330119,0.000000,0.000000,1.000000,-0.000000,0.000000,0.330119,-0.000000,0.943939,0.000000,0.137062,0.000000,0.000000,1.000000;;
         }

         Frame Bip01_L_Hand {
          

          FrameTransformMatrix {
           1.000000,-0.000000,0.000000,0.000000,0.000000,0.000796,1.000000,0.000000,0.000000,-1.000000,0.000796,0.000000,0.137062,0.000000,0.000000,1.000000;;
          }

          Frame Bip01_L_Finger0 {
           

           FrameTransformMatrix {
            0.690342,-0.181727,0.700288,0.000000,0.558537,0.749101,-0.356210,0.000000,-0.459853,0.637043,0.618637,0.000000,0.057681,-0.023605,-0.000272,1.000000;;
           }
          }

          Frame Bip01_L_Finger1 {
           

           FrameTransformMatrix {
            0.728079,-0.000546,0.685493,0.000000,0.000000,1.000000,0.000796,0.000000,-0.685493,-0.000580,0.728079,0.000000,0.084102,0.000000,0.000000,1.000000;;
           }
          }
         }
        }
       }
      }

      Frame Bip01_R_Clavicle {
       

       FrameTransformMatrix {
        -0.028509,-0.999573,-0.006461,0.000000,-0.965665,0.025871,0.258498,0.000000,-0.258220,0.013609,-0.965990,0.000000,-0.024080,-0.016250,0.001399,1.000000;;
       }

       Frame Bip01_R_UpperArm {
        

        FrameTransformMatrix {
         0.221390,0.975047,0.016433,0.000000,-0.974986,0.221654,-0.016512,0.000000,-0.019742,-0.012366,0.999729,0.000000,0.087086,0.000000,0.000000,1.000000;;
        }

        Frame Bip01_R_Forearm {
         

         FrameTransformMatrix {
          0.915660,-0.000000,-0.401954,0.000000,-0.000000,1.000000,-0.000000,0.000000,0.401954,-0.000000,0.915660,0.000000,0.137062,0.000000,0.000000,1.000000;;
         }

         Frame Bip01_R_Hand {
          

          FrameTransformMatrix {
           0.975195,-0.000000,-0.221346,0.000000,-0.221346,0.000796,-0.975195,0.000000,0.000176,1.000000,0.000777,0.000000,0.137062,-0.000000,0.000000,1.000000;;
          }

          Frame Bip01_R_Finger0 {
           

           FrameTransformMatrix {
            0.417774,-0.116941,0.900994,0.000000,-0.558537,0.749101,0.356210,0.000000,-0.716591,-0.652054,0.247639,0.000000,0.057681,0.023605,-0.000272,1.000000;;
           }
          }

          Frame Bip01_R_Finger1 {
           

           FrameTransformMatrix {
            0.352436,0.000745,0.935835,0.000000,0.000000,1.000000,-0.000796,0.000000,-0.935836,0.000281,0.352436,0.000000,0.084102,0.000000,0.000000,1.000000;;
           }
          }
         }
        }
       }
      }
     }

     Frame Bip01_BackPack {
      

      FrameTransformMatrix {
       0.180560,0.080500,-0.980264,0.000000,0.047560,0.994764,0.090451,0.000000,0.982413,-0.062954,0.175786,0.000000,0.063697,0.000003,-0.088856,1.000000;;
      }
     }
    }

    Frame Bip01_L_Thigh {
     

     FrameTransformMatrix {
      -0.888504,0.030427,0.457858,0.000000,-0.032107,-0.999476,0.004114,0.000000,0.457744,-0.011045,0.889016,0.000000,-0.050843,0.055225,-0.008917,1.000000;;
     }

     Frame Bip01_L_Calf {
      

      FrameTransformMatrix {
       0.942235,-0.000000,-0.334952,0.000000,-0.000000,1.000000,-0.000000,0.000000,0.334952,-0.000000,0.942235,0.000000,0.237500,0.000000,-0.000000,1.000000;;
      }

      Frame Bip01_L_Foot {
       

       FrameTransformMatrix {
        0.924325,-0.026487,0.380687,0.000000,-0.068962,0.969570,0.234901,0.000000,-0.375325,-0.243378,0.894371,0.000000,0.206841,0.000000,0.000000,1.000000;;
       }

       Frame Bip01_L_Toe0 {
        

        FrameTransformMatrix {
         0.000000,0.000000,1.000000,0.000000,0.000000,1.000000,-0.000000,0.000000,-1.000000,0.000000,0.000000,0.000000,0.065373,0.000000,0.066450,1.000000;;
        }
       }
      }
     }
    }

    Frame Bip01_R_Thigh {
     

     FrameTransformMatrix {
      -0.996965,0.030321,-0.071704,0.000000,-0.029454,-0.999480,-0.013113,0.000000,-0.072065,-0.010961,0.997340,0.000000,-0.050843,-0.055225,-0.008917,1.000000;;
     }

     Frame Bip01_R_Calf {
      

      FrameTransformMatrix {
       0.730239,0.000000,-0.683192,0.000000,0.000000,1.000000,0.000000,0.000000,0.683192,0.000000,0.730239,0.000000,0.237500,0.000000,0.000000,1.000000;;
      }

      Frame Bip01_R_Foot {
       

       FrameTransformMatrix {
        0.991957,0.087165,-0.091782,0.000000,-0.093276,0.993546,-0.064539,0.000000,0.085565,0.072581,0.993685,0.000000,0.206841,0.000000,0.000000,1.000000;;
       }

       Frame Bip01_R_Toe0 {
        

        FrameTransformMatrix {
         0.000000,0.000000,1.000000,0.000000,0.000000,1.000000,-0.000000,0.000000,-1.000000,0.000000,0.000000,0.000000,0.065373,0.000000,0.066450,1.000000;;
        }
       }
      }
     }
    }
   }

   Frame Bip01_DressFront {
    

    FrameTransformMatrix {
     -0.880185,-0.088339,0.466338,0.000000,0.121847,0.907542,0.401896,0.000000,-0.458725,0.410564,-0.788041,0.000000,-0.043935,0.001339,0.061057,1.000000;;
    }

    Frame Bip01_DressFront02 {
     

     FrameTransformMatrix {
      0.912593,0.000001,0.408870,0.000000,-0.000001,1.000000,-0.000000,0.000000,-0.408870,-0.000000,0.912593,0.000000,0.183378,-0.000000,-0.000120,1.000000;;
     }
    }
   }

   Frame Bip01_DressBack {
    

    FrameTransformMatrix {
     -0.886023,0.038029,0.462080,0.000000,0.191625,0.937561,0.290274,0.000000,-0.422190,0.345735,-0.837988,0.000000,-0.047673,-0.000048,-0.078302,1.000000;;
    }

    Frame Bip01_DressBack02 {
     

     FrameTransformMatrix {
      0.936852,0.174932,-0.302833,0.000000,-0.166408,0.984581,0.053939,0.000000,0.307600,-0.000139,0.951516,0.000000,0.176125,0.000000,-0.000103,1.000000;;
     }
    }
   }
  }

  Frame Bip01_Prop1 {
   

   FrameTransformMatrix {
    -0.233929,-0.108090,0.966227,0.000000,0.687222,0.684611,0.242967,0.000000,-0.687752,0.720849,-0.085868,0.000000,0.076452,-0.048658,-0.145664,1.000000;;
   }
  }

  Frame Bip01_Prop2 {
   

   FrameTransformMatrix {
    -0.163643,-0.967062,0.194966,0.000000,0.985576,-0.168906,-0.010564,0.000000,0.043147,0.190425,0.980753,0.000000,-0.138405,-0.102098,0.114818,1.000000;;
   }
  }
 }
}

Frame Translation_Data {
 

 FrameTransformMatrix {
  -0.000000,0.000000,-1.000000,0.000000,-1.000000,-0.000000,0.000000,0.000000,-0.000000,1.000000,0.000000,0.000000,0.000000,-0.000000,0.000000,1.000000;;
 }
}

Frame BigSwatBag_RHand {
 

 FrameTransformMatrix {
  1.000000,0.000000,-0.000000,0.000000,0.000000,1.000000,0.000000,0.000000,0.000000,0.000000,1.000000,0.000000,0.000000,-0.000000,0.000000,1.000000;;
 }

 Mesh BigSwatBag_RHand {
  509;
  -0.661197;0.719813;0.146249;,
  -0.673532;0.677309;0.130732;,
  -0.648234;0.715993;0.161885;,
  -0.681285;0.696834;0.115564;,
  -0.659202;0.656650;0.143353;,
  -0.629548;0.698374;0.175031;,
  -0.641196;0.641412;0.148505;,
  -0.616715;0.677478;0.177734;,
  -0.470585;0.797857;-0.051838;,
  -0.444019;0.770446;-0.090665;,
  -0.482160;0.782638;-0.081512;,
  -0.435669;0.796600;-0.054389;,
  -0.409566;0.744482;-0.083998;,
  -0.397842;0.774777;-0.045271;,
  -0.396013;0.720840;-0.067962;,
  -0.387792;0.744277;-0.036639;,
  -0.486353;0.797036;-0.017954;,
  -0.516332;0.774197;-0.053968;,
  -0.619900;0.635540;0.142460;,
  -0.547942;0.698028;0.154141;,
  -0.589850;0.683597;0.185531;,
  -0.576134;0.649205;0.104333;,
  -0.498039;0.715179;0.106872;,
  -0.524596;0.667025;0.057708;,
  -0.454804;0.729939;0.063913;,
  -0.480107;0.683026;0.016843;,
  -0.413030;0.740994;0.017911;,
  -0.434301;0.699516;-0.025247;,
  -0.394236;0.736310;-0.027959;,
  -0.401759;0.714119;-0.058035;,
  -0.634610;0.733552;0.159764;,
  -0.611415;0.757181;0.107202;,
  -0.652589;0.739399;0.139467;,
  -0.592515;0.750003;0.128014;,
  -0.570117;0.770363;0.070498;,
  -0.546081;0.764851;0.088420;,
  -0.532720;0.783600;0.031165;,
  -0.504153;0.777584;0.047593;,
  -0.454804;0.729939;0.063913;,
  -0.427130;0.771409;0.004496;,
  -0.471697;0.759724;0.053781;,
  -0.413030;0.740994;0.017911;,
  -0.462678;0.788006;0.000869;,
  -0.493094;0.789841;-0.011613;,
  -0.406091;0.749845;0.010116;,
  -0.418597;0.778100;-0.000093;,
  -0.454395;0.794669;-0.004003;,
  -0.692257;0.664338;0.090713;,
  -0.688526;0.644029;0.089842;,
  -0.672743;0.621225;0.097797;,
  -0.655967;0.607371;0.107550;,
  -0.495443;0.753458;-0.096285;,
  -0.468138;0.738608;-0.112444;,
  -0.434414;0.709458;-0.110662;,
  -0.416514;0.692977;-0.087995;,
  -0.526211;0.735538;-0.085421;,
  -0.603296;0.599162;0.055167;,
  -0.642076;0.590319;0.092151;,
  -0.552222;0.618272;0.009740;,
  -0.507127;0.636487;-0.029642;,
  -0.459739;0.657568;-0.065606;,
  -0.421563;0.687502;-0.076820;,
  -0.686306;0.641087;0.067078;,
  -0.655465;0.678504;0.028439;,
  -0.648193;0.650425;0.028208;,
  -0.692512;0.668093;0.068083;,
  -0.613955;0.692065;-0.007885;,
  -0.602343;0.664229;-0.012432;,
  -0.574043;0.709795;-0.042721;,
  -0.558254;0.680956;-0.049140;,
  -0.507127;0.636487;-0.029642;,
  -0.478235;0.680131;-0.086881;,
  -0.459739;0.657568;-0.065606;,
  -0.528944;0.657477;-0.048578;,
  -0.510429;0.702720;-0.084511;,
  -0.527454;0.728471;-0.073050;,
  -0.455185;0.662159;-0.077665;,
  -0.473026;0.680886;-0.097414;,
  -0.505252;0.703835;-0.094936;,
  -0.394236;0.736310;-0.027959;,
  -0.396013;0.720840;-0.067962;,
  -0.387792;0.744277;-0.036639;,
  -0.401759;0.714119;-0.058035;,
  -0.416514;0.692977;-0.087995;,
  -0.421563;0.687502;-0.076820;,
  -0.455185;0.662159;-0.077665;,
  -0.459739;0.657568;-0.065606;,
  -0.473026;0.680886;-0.097414;,
  -0.478235;0.680131;-0.086881;,
  -0.505252;0.703835;-0.094936;,
  -0.510429;0.702720;-0.084511;,
  -0.526211;0.735538;-0.085421;,
  -0.527454;0.728471;-0.073050;,
  -0.516332;0.774197;-0.053968;,
  -0.518693;0.765134;-0.043595;,
  -0.486353;0.797036;-0.017954;,
  -0.493094;0.789841;-0.011613;,
  -0.454395;0.794669;-0.004003;,
  -0.462678;0.788006;0.000869;,
  -0.418597;0.778100;-0.000093;,
  -0.427130;0.771409;0.004496;,
  -0.406091;0.749845;0.010116;,
  -0.413030;0.740994;0.017911;,
  -0.634610;0.733552;0.159764;,
  -0.652589;0.739399;0.139467;,
  -0.678566;0.710744;0.100149;,
  -0.692512;0.668093;0.068083;,
  -0.686306;0.641087;0.067078;,
  -0.664548;0.609833;0.078420;,
  -0.642076;0.590319;0.092151;,
  -0.619900;0.635540;0.142460;,
  -0.589850;0.683597;0.185531;,
  -0.609027;0.708997;0.177693;,
  -0.655801;0.743978;0.126880;,
  -0.648900;0.734994;0.059334;,
  -0.679393;0.719568;0.091797;,
  -0.620069;0.759449;0.098954;,
  -0.611764;0.743210;0.030357;,
  -0.584814;0.771168;0.067143;,
  -0.690976;0.681153;0.063987;,
  -0.658881;0.690129;0.029559;,
  -0.623438;0.702183;-0.001917;,
  -0.678566;0.710744;0.100149;,
  -0.655801;0.743978;0.126880;,
  -0.679393;0.719568;0.091797;,
  -0.652589;0.739399;0.139467;,
  -0.620069;0.759449;0.098954;,
  -0.611415;0.757181;0.107202;,
  -0.584814;0.771168;0.067143;,
  -0.570117;0.770363;0.070498;,
  -0.611764;0.743210;0.030357;,
  -0.601872;0.738870;0.029160;,
  -0.623438;0.702183;-0.001917;,
  -0.613955;0.692065;-0.007885;,
  -0.658881;0.690129;0.029559;,
  -0.655465;0.678504;0.028439;,
  -0.690976;0.681153;0.063987;,
  -0.692512;0.668093;0.068083;,
  -0.574616;0.773215;0.058154;,
  -0.568476;0.762647;-0.013268;,
  -0.601721;0.746982;0.020973;,
  -0.541595;0.786447;0.024079;,
  -0.526342;0.769961;-0.044138;,
  -0.503702;0.791151;-0.013860;,
  -0.612639;0.705303;-0.009832;,
  -0.578461;0.720601;-0.041838;,
  -0.534736;0.735721;-0.069350;,
  -0.601872;0.738870;0.029160;,
  -0.574616;0.773215;0.058154;,
  -0.601721;0.746982;0.020973;,
  -0.570117;0.770363;0.070498;,
  -0.541595;0.786447;0.024079;,
  -0.532720;0.783600;0.031165;,
  -0.503702;0.791151;-0.013860;,
  -0.493094;0.789841;-0.011613;,
  -0.526342;0.769961;-0.044138;,
  -0.518693;0.765134;-0.043595;,
  -0.534736;0.735721;-0.069350;,
  -0.527454;0.728471;-0.073050;,
  -0.578461;0.720601;-0.041838;,
  -0.574043;0.709795;-0.042721;,
  -0.612639;0.705303;-0.009832;,
  -0.613955;0.692065;-0.007885;,
  -0.582474;0.698382;0.189262;,
  -0.564604;0.736323;0.159100;,
  -0.597523;0.720689;0.182204;,
  -0.547741;0.710952;0.163743;,
  -0.589179;0.754493;0.144287;,
  -0.620408;0.741614;0.166392;,
  -0.537095;0.745397;0.132214;,
  -0.520832;0.719520;0.137908;,
  -0.561413;0.764583;0.119887;,
  -0.519129;0.749406;0.111014;,
  -0.502410;0.724569;0.116302;,
  -0.543236;0.767629;0.099794;,
  -0.634610;0.733552;0.159764;,
  -0.597523;0.720689;0.182204;,
  -0.620408;0.741614;0.166392;,
  -0.609027;0.708997;0.177693;,
  -0.582474;0.698382;0.189262;,
  -0.589850;0.683597;0.185531;,
  -0.547942;0.698028;0.154141;,
  -0.520832;0.719520;0.137908;,
  -0.547741;0.710952;0.163743;,
  -0.522827;0.706708;0.130540;,
  -0.502410;0.724569;0.116302;,
  -0.498039;0.715179;0.106872;,
  -0.519129;0.749406;0.111014;,
  -0.520386;0.742175;0.098542;,
  -0.543236;0.767629;0.099794;,
  -0.546081;0.764851;0.088420;,
  -0.561413;0.764583;0.119887;,
  -0.569422;0.757411;0.108187;,
  -0.589179;0.754493;0.144287;,
  -0.592515;0.750003;0.128014;,
  -0.647026;0.583082;0.073915;,
  -0.637813;0.605361;0.028357;,
  -0.614595;0.591571;0.043868;,
  -0.664691;0.600635;0.062487;,
  -0.656549;0.634256;0.023832;,
  -0.683493;0.628341;0.053036;,
  -0.609010;0.616583;0.003475;,
  -0.586598;0.601810;0.020209;,
  -0.629144;0.643171;-0.001609;,
  -0.587467;0.627400;-0.011005;,
  -0.565673;0.611525;0.002836;,
  -0.608266;0.651328;-0.016775;,
  -0.664548;0.609833;0.078420;,
  -0.683493;0.628341;0.053036;,
  -0.664691;0.600635;0.062487;,
  -0.686306;0.641087;0.067078;,
  -0.656549;0.634256;0.023832;,
  -0.648193;0.650425;0.028208;,
  -0.629144;0.643171;-0.001609;,
  -0.625386;0.657057;0.007620;,
  -0.608266;0.651328;-0.016775;,
  -0.602343;0.664229;-0.012432;,
  -0.587467;0.627400;-0.011005;,
  -0.577540;0.639962;-0.003904;,
  -0.565673;0.611525;0.002836;,
  -0.552222;0.618272;0.009740;,
  -0.586598;0.601810;0.020209;,
  -0.577638;0.608723;0.032366;,
  -0.614595;0.591571;0.043868;,
  -0.603303;0.599175;0.055157;,
  -0.642076;0.590319;0.092151;,
  -0.647026;0.583082;0.073915;,
  -0.499561;0.722484;0.113938;,
  -0.493992;0.759713;0.090275;,
  -0.512184;0.751447;0.103751;,
  -0.477145;0.732509;0.093246;,
  -0.515183;0.778242;0.073211;,
  -0.537342;0.769792;0.091788;,
  -0.469498;0.767709;0.066176;,
  -0.453965;0.740676;0.070845;,
  -0.494913;0.784415;0.050898;,
  -0.449678;0.770729;0.040124;,
  -0.435695;0.744286;0.046751;,
  -0.475910;0.787566;0.029682;,
  -0.546081;0.764851;0.088420;,
  -0.512184;0.751447;0.103751;,
  -0.537342;0.769792;0.091788;,
  -0.520386;0.742175;0.098542;,
  -0.499561;0.722484;0.113938;,
  -0.498039;0.715179;0.106872;,
  -0.477510;0.722184;0.086654;,
  -0.453965;0.740676;0.070845;,
  -0.477145;0.732509;0.093246;,
  -0.454804;0.729939;0.063913;,
  -0.435695;0.744286;0.046751;,
  -0.432496;0.735817;0.039300;,
  -0.449678;0.770729;0.040124;,
  -0.450128;0.765376;0.029925;,
  -0.475910;0.787566;0.029682;,
  -0.478074;0.784242;0.018414;,
  -0.494913;0.784415;0.050898;,
  -0.504153;0.777584;0.047593;,
  -0.515183;0.778242;0.073211;,
  -0.521192;0.772307;0.064192;,
  -0.562275;0.610685;0.001977;,
  -0.563407;0.635609;-0.033762;,
  -0.539747;0.620935;-0.018586;,
  -0.579211;0.631443;-0.016095;,
  -0.579102;0.664390;-0.040844;,
  -0.600759;0.656668;-0.021531;,
  -0.535939;0.648660;-0.052755;,
  -0.513426;0.632271;-0.039295;,
  -0.556171;0.674893;-0.058399;,
  -0.511287;0.661217;-0.069843;,
  -0.492399;0.642757;-0.054753;,
  -0.533955;0.684194;-0.073618;,
  -0.577540;0.639962;-0.003904;,
  -0.600759;0.656668;-0.021531;,
  -0.579211;0.631443;-0.016095;,
  -0.602343;0.664229;-0.012432;,
  -0.579102;0.664390;-0.040844;,
  -0.576217;0.674081;-0.034173;,
  -0.556171;0.674893;-0.058399;,
  -0.558254;0.680956;-0.049140;,
  -0.533955;0.684194;-0.073618;,
  -0.528329;0.694485;-0.071442;,
  -0.511287;0.661217;-0.069843;,
  -0.504416;0.668414;-0.067144;,
  -0.492399;0.642757;-0.054753;,
  -0.481778;0.647796;-0.048817;,
  -0.513426;0.632271;-0.039295;,
  -0.507127;0.636487;-0.029642;,
  -0.539747;0.620935;-0.018586;,
  -0.531195;0.627057;-0.009039;,
  -0.552222;0.618272;0.009740;,
  -0.562275;0.610685;0.001977;,
  -0.589850;0.683597;0.185531;,
  -0.535172;0.681833;0.153900;,
  -0.568827;0.667488;0.182861;,
  -0.547942;0.698028;0.154141;,
  -0.529729;0.690917;0.165032;,
  -0.547741;0.710952;0.163743;,
  -0.560284;0.677649;0.188057;,
  -0.582474;0.698382;0.189262;,
  -0.603303;0.599175;0.055157;,
  -0.615846;0.583582;0.098976;,
  -0.584201;0.593932;0.066133;,
  -0.642076;0.590319;0.092151;,
  -0.617848;0.575053;0.085341;,
  -0.647026;0.583082;0.073915;,
  -0.591181;0.583536;0.057323;,
  -0.614595;0.591571;0.043868;,
  -0.531195;0.627057;-0.009039;,
  -0.562275;0.610685;0.001977;,
  -0.539747;0.620935;-0.018586;,
  -0.562275;0.610685;0.001977;,
  -0.531195;0.627057;-0.009039;,
  -0.552222;0.618272;0.009740;,
  -0.477510;0.722184;0.086654;,
  -0.499561;0.722484;0.113938;,
  -0.498039;0.715179;0.106872;,
  -0.499561;0.722484;0.113938;,
  -0.477510;0.722184;0.086654;,
  -0.477145;0.732509;0.093246;,
  -0.607496;0.583579;0.105028;,
  -0.584201;0.593932;0.066133;,
  -0.615846;0.583582;0.098976;,
  -0.578674;0.593890;0.074423;,
  -0.611618;0.575203;0.092633;,
  -0.615846;0.583582;0.098976;,
  -0.617848;0.575053;0.085341;,
  -0.607496;0.583579;0.105028;,
  -0.585008;0.581684;0.067118;,
  -0.591181;0.583536;0.057323;,
  -0.534985;0.671814;0.151748;,
  -0.568827;0.667488;0.182861;,
  -0.535172;0.681833;0.153900;,
  -0.567308;0.660589;0.177748;,
  -0.530816;0.678502;0.164152;,
  -0.529729;0.690917;0.165032;,
  -0.559147;0.668372;0.185639;,
  -0.560284;0.677649;0.188057;,
  -0.567308;0.660589;0.177748;,
  -0.568827;0.667488;0.182861;,
  -0.600075;0.593681;0.115569;,
  -0.570171;0.599403;0.087246;,
  -0.595684;0.586922;0.111315;,
  -0.600075;0.593681;0.115569;,
  -0.571113;0.591586;0.088049;,
  -0.537243;0.656587;0.144008;,
  -0.569672;0.645904;0.167845;,
  -0.535830;0.654350;0.150375;,
  -0.562394;0.645446;0.169271;,
  -0.569672;0.645904;0.167845;,
  -0.582409;0.617492;0.142224;,
  -0.551286;0.625643;0.116676;,
  -0.575039;0.612690;0.142899;,
  -0.582409;0.617492;0.142224;,
  -0.548693;0.619817;0.121044;,
  -0.468795;0.650280;-0.038279;,
  -0.469769;0.681470;-0.007310;,
  -0.490644;0.668026;-0.020947;,
  -0.447278;0.664517;-0.025791;,
  -0.461594;0.659098;-0.047133;,
  -0.468735;0.687483;-0.014821;,
  -0.444302;0.671815;-0.034982;,
  -0.489610;0.674039;-0.028458;,
  -0.447278;0.664517;-0.025791;,
  -0.469769;0.681470;-0.007310;,
  -0.469769;0.681470;-0.007310;,
  -0.489610;0.674039;-0.028458;,
  -0.490644;0.668026;-0.020947;,
  -0.489610;0.674039;-0.028458;,
  -0.469769;0.681470;-0.007310;,
  -0.468735;0.687483;-0.014821;,
  -0.447428;0.658443;-0.020681;,
  -0.462726;0.646271;-0.032231;,
  -0.438652;0.661934;-0.029533;,
  -0.447428;0.658443;-0.020681;,
  -0.450166;0.649019;-0.039610;,
  -0.454019;0.652649;-0.014056;,
  -0.465395;0.637723;-0.026661;,
  -0.443717;0.645725;-0.015309;,
  -0.454019;0.652649;-0.014056;,
  -0.453507;0.631582;-0.027710;,
  -0.475575;0.630501;0.004399;,
  -0.482084;0.618972;-0.012198;,
  -0.467967;0.626215;0.004425;,
  -0.475575;0.630501;0.004399;,
  -0.474140;0.613132;-0.012438;,
  -0.500349;0.611978;0.022445;,
  -0.508778;0.604342;0.003594;,
  -0.491159;0.608990;0.020291;,
  -0.500349;0.611978;0.022445;,
  -0.499185;0.600126;0.001421;,
  -0.526821;0.599178;0.037370;,
  -0.533528;0.593342;0.015787;,
  -0.520350;0.592920;0.036198;,
  -0.526821;0.599178;0.037370;,
  -0.529568;0.586839;0.016264;,
  -0.556761;0.592724;0.054696;,
  -0.562015;0.588847;0.036504;,
  -0.558227;0.582126;0.052957;,
  -0.556761;0.592724;0.054696;,
  -0.563481;0.578249;0.034765;,
  -0.573928;0.589285;0.057045;,
  -0.577755;0.588700;0.051108;,
  -0.575395;0.584873;0.057642;,
  -0.573928;0.589285;0.057045;,
  -0.579663;0.583501;0.050917;,
  -0.577755;0.588700;0.051108;,
  -0.600354;0.594290;0.065429;,
  -0.573928;0.589285;0.057045;,
  -0.600354;0.594290;0.065429;,
  -0.577755;0.588700;0.051108;,
  -0.601951;0.589070;0.055392;,
  -0.573928;0.589285;0.057045;,
  -0.604348;0.591022;0.065674;,
  -0.575395;0.584873;0.057642;,
  -0.604348;0.591022;0.065674;,
  -0.573928;0.589285;0.057045;,
  -0.600354;0.594290;0.065429;,
  -0.575395;0.584873;0.057642;,
  -0.605388;0.586798;0.056633;,
  -0.579663;0.583501;0.050917;,
  -0.605388;0.586798;0.056633;,
  -0.575395;0.584873;0.057642;,
  -0.604348;0.591022;0.065674;,
  -0.579663;0.583501;0.050917;,
  -0.601951;0.589070;0.055392;,
  -0.577755;0.588700;0.051108;,
  -0.601951;0.589070;0.055392;,
  -0.579663;0.583501;0.050917;,
  -0.605388;0.586798;0.056633;,
  -0.429427;0.722235;0.034101;,
  -0.463619;0.704390;0.007296;,
  -0.425473;0.704190;0.014545;,
  -0.465706;0.723670;0.027945;,
  -0.425473;0.704190;0.014545;,
  -0.462917;0.711479;0.000747;,
  -0.422246;0.711459;0.005457;,
  -0.463619;0.704390;0.007296;,
  -0.425003;0.700303;0.023139;,
  -0.421838;0.717561;0.037713;,
  -0.416900;0.702770;0.013306;,
  -0.425003;0.700303;0.023139;,
  -0.412410;0.717646;0.028204;,
  -0.418723;0.729037;0.020695;,
  -0.429056;0.697077;0.030947;,
  -0.423989;0.711753;0.047989;,
  -0.417629;0.692141;0.031434;,
  -0.429056;0.697077;0.030947;,
  -0.411664;0.705952;0.047372;,
  -0.444082;0.686750;0.060710;,
  -0.434781;0.703216;0.072297;,
  -0.436227;0.682905;0.061177;,
  -0.444082;0.686750;0.060710;,
  -0.425694;0.698175;0.073416;,
  -0.461928;0.680601;0.091143;,
  -0.455009;0.700376;0.099733;,
  -0.452491;0.678053;0.089430;,
  -0.461928;0.680601;0.091143;,
  -0.444923;0.697041;0.098442;,
  -0.482021;0.679194;0.117473;,
  -0.473641;0.700303;0.122865;,
  -0.473709;0.676224;0.119593;,
  -0.482021;0.679194;0.117473;,
  -0.467840;0.697089;0.126634;,
  -0.509122;0.677811;0.139876;,
  -0.502272;0.695553;0.143326;,
  -0.504224;0.678579;0.149516;,
  -0.509122;0.677811;0.139876;,
  -0.497374;0.696321;0.152966;,
  -0.521400;0.683104;0.150966;,
  -0.519820;0.692177;0.154698;,
  -0.520626;0.682695;0.155572;,
  -0.521400;0.683104;0.150966;,
  -0.519819;0.690386;0.157920;,
  -0.519820;0.692177;0.154698;,
  -0.548231;0.688139;0.160398;,
  -0.544021;0.697158;0.168130;,
  -0.548231;0.688139;0.160398;,
  -0.519820;0.692177;0.154698;,
  -0.521400;0.683104;0.150966;,
  -0.521400;0.683104;0.150966;,
  -0.549682;0.689414;0.165190;,
  -0.548231;0.688139;0.160398;,
  -0.549682;0.689414;0.165190;,
  -0.521400;0.683104;0.150966;,
  -0.520626;0.682695;0.155572;,
  -0.520626;0.682695;0.155572;,
  -0.543955;0.696522;0.166477;,
  -0.549682;0.689414;0.165190;,
  -0.543955;0.696522;0.166477;,
  -0.520626;0.682695;0.155572;,
  -0.519819;0.690386;0.157920;,
  -0.544021;0.697158;0.168130;,
  -0.519819;0.690386;0.157920;,
  -0.519820;0.692177;0.154698;,
  -0.519819;0.690386;0.157920;,
  -0.544021;0.697158;0.168130;,
  -0.543955;0.696522;0.166477;,
  -0.418723;0.729037;0.020695;,
  -0.462917;0.711479;0.000747;,
  -0.457155;0.727441;0.017733;,
  -0.462917;0.711479;0.000747;,
  -0.418723;0.729037;0.020695;,
  -0.422246;0.711459;0.005457;,
  -0.457155;0.727441;0.017733;,
  -0.429427;0.722235;0.034101;,
  -0.418723;0.729037;0.020695;,
  -0.429427;0.722235;0.034101;,
  -0.457155;0.727441;0.017733;,
  -0.465706;0.723670;0.027945;;
  510;
  3;0,1,2;,
  3;1,0,3;,
  3;2,4,5;,
  3;4,2,1;,
  3;5,6,7;,
  3;6,5,4;,
  3;8,9,10;,
  3;9,8,11;,
  3;11,12,9;,
  3;12,11,13;,
  3;13,14,12;,
  3;14,13,15;,
  3;16,10,17;,
  3;10,16,8;,
  3;18,19,20;,
  3;19,18,21;,
  3;21,22,19;,
  3;22,21,23;,
  3;23,24,22;,
  3;24,23,25;,
  3;25,26,24;,
  3;26,25,27;,
  3;27,28,26;,
  3;28,27,29;,
  3;30,31,32;,
  3;31,30,33;,
  3;33,34,31;,
  3;34,33,35;,
  3;35,36,34;,
  3;36,35,37;,
  3;38,39,40;,
  3;39,38,41;,
  3;40,42,37;,
  3;42,40,39;,
  3;37,43,36;,
  3;43,37,42;,
  3;44,13,45;,
  3;13,44,15;,
  3;45,11,46;,
  3;11,45,13;,
  3;46,8,16;,
  3;8,46,11;,
  3;47,1,3;,
  3;1,47,48;,
  3;48,4,1;,
  3;4,48,49;,
  3;49,6,4;,
  3;6,49,50;,
  3;51,9,52;,
  3;9,51,10;,
  3;52,12,53;,
  3;12,52,9;,
  3;53,14,54;,
  3;14,53,12;,
  3;55,10,51;,
  3;10,55,17;,
  3;18,56,21;,
  3;56,18,57;,
  3;21,58,23;,
  3;58,21,56;,
  3;23,59,25;,
  3;59,23,58;,
  3;25,60,27;,
  3;60,25,59;,
  3;27,61,29;,
  3;61,27,60;,
  3;62,63,64;,
  3;63,62,65;,
  3;64,66,67;,
  3;66,64,63;,
  3;67,68,69;,
  3;68,67,66;,
  3;70,71,72;,
  3;71,70,73;,
  3;73,74,71;,
  3;74,73,69;,
  3;69,75,74;,
  3;75,69,68;,
  3;76,53,54;,
  3;53,76,77;,
  3;77,52,53;,
  3;52,77,78;,
  3;78,51,52;,
  3;51,78,55;,
  3;79,80,81;,
  3;80,79,82;,
  3;82,83,80;,
  3;83,82,84;,
  3;84,85,83;,
  3;85,84,86;,
  3;86,87,85;,
  3;87,86,88;,
  3;88,89,87;,
  3;89,88,90;,
  3;90,91,89;,
  3;91,90,92;,
  3;92,93,91;,
  3;93,92,94;,
  3;94,95,93;,
  3;95,94,96;,
  3;96,97,95;,
  3;97,96,98;,
  3;98,99,97;,
  3;99,98,100;,
  3;100,101,99;,
  3;101,100,102;,
  3;102,81,101;,
  3;81,102,79;,
  3;103,0,2;,
  3;0,103,104;,
  3;104,3,0;,
  3;3,104,105;,
  3;105,47,3;,
  3;47,105,106;,
  3;106,48,47;,
  3;48,106,107;,
  3;107,49,48;,
  3;49,107,108;,
  3;108,50,49;,
  3;50,108,109;,
  3;109,6,50;,
  3;6,109,110;,
  3;110,7,6;,
  3;7,110,111;,
  3;111,5,7;,
  3;5,111,112;,
  3;112,2,5;,
  3;2,112,103;,
  3;113,114,115;,
  3;114,113,116;,
  3;116,117,114;,
  3;117,116,118;,
  3;119,114,120;,
  3;114,119,115;,
  3;120,117,121;,
  3;117,120,114;,
  3;122,123,124;,
  3;123,122,125;,
  3;125,126,123;,
  3;126,125,127;,
  3;127,128,126;,
  3;128,127,129;,
  3;129,130,128;,
  3;130,129,131;,
  3;131,132,130;,
  3;132,131,133;,
  3;133,134,132;,
  3;134,133,135;,
  3;135,136,134;,
  3;136,135,137;,
  3;137,124,136;,
  3;124,137,122;,
  3;138,139,140;,
  3;139,138,141;,
  3;141,142,139;,
  3;142,141,143;,
  3;144,139,145;,
  3;139,144,140;,
  3;145,142,146;,
  3;142,145,139;,
  3;147,148,149;,
  3;148,147,150;,
  3;150,151,148;,
  3;151,150,152;,
  3;152,153,151;,
  3;153,152,154;,
  3;154,155,153;,
  3;155,154,156;,
  3;156,157,155;,
  3;157,156,158;,
  3;158,159,157;,
  3;159,158,160;,
  3;160,161,159;,
  3;161,160,162;,
  3;162,149,161;,
  3;149,162,147;,
  3;163,164,165;,
  3;164,163,166;,
  3;165,167,168;,
  3;167,165,164;,
  3;166,169,164;,
  3;169,166,170;,
  3;164,171,167;,
  3;171,164,169;,
  3;170,172,169;,
  3;172,170,173;,
  3;169,174,171;,
  3;174,169,172;,
  3;175,176,177;,
  3;176,175,178;,
  3;178,179,176;,
  3;179,178,180;,
  3;181,182,183;,
  3;182,181,184;,
  3;184,185,182;,
  3;185,184,186;,
  3;186,187,185;,
  3;187,186,188;,
  3;188,189,187;,
  3;189,188,190;,
  3;190,191,189;,
  3;191,190,192;,
  3;192,193,191;,
  3;193,192,194;,
  3;194,177,193;,
  3;177,194,175;,
  3;195,196,197;,
  3;196,195,198;,
  3;198,199,196;,
  3;199,198,200;,
  3;197,201,202;,
  3;201,197,196;,
  3;196,203,201;,
  3;203,196,199;,
  3;202,204,205;,
  3;204,202,201;,
  3;201,206,204;,
  3;206,201,203;,
  3;207,208,209;,
  3;208,207,210;,
  3;210,211,208;,
  3;211,210,212;,
  3;212,213,211;,
  3;213,212,214;,
  3;214,215,213;,
  3;215,214,216;,
  3;216,217,215;,
  3;217,216,218;,
  3;218,219,217;,
  3;219,218,220;,
  3;220,221,219;,
  3;221,220,222;,
  3;222,223,221;,
  3;223,222,224;,
  3;225,209,226;,
  3;209,225,207;,
  3;227,228,229;,
  3;228,227,230;,
  3;229,231,232;,
  3;231,229,228;,
  3;230,233,228;,
  3;233,230,234;,
  3;228,235,231;,
  3;235,228,233;,
  3;234,236,233;,
  3;236,234,237;,
  3;233,238,235;,
  3;238,233,236;,
  3;239,240,241;,
  3;240,239,242;,
  3;242,243,240;,
  3;243,242,244;,
  3;245,246,247;,
  3;246,245,248;,
  3;248,249,246;,
  3;249,248,250;,
  3;250,251,249;,
  3;251,250,252;,
  3;252,253,251;,
  3;253,252,254;,
  3;254,255,253;,
  3;255,254,256;,
  3;256,257,255;,
  3;257,256,258;,
  3;258,241,257;,
  3;241,258,239;,
  3;259,260,261;,
  3;260,259,262;,
  3;262,263,260;,
  3;263,262,264;,
  3;261,265,266;,
  3;265,261,260;,
  3;260,267,265;,
  3;267,260,263;,
  3;266,268,269;,
  3;268,266,265;,
  3;265,270,268;,
  3;270,265,267;,
  3;271,272,273;,
  3;272,271,274;,
  3;274,275,272;,
  3;275,274,276;,
  3;276,277,275;,
  3;277,276,278;,
  3;278,279,277;,
  3;279,278,280;,
  3;280,281,279;,
  3;281,280,282;,
  3;282,283,281;,
  3;283,282,284;,
  3;284,285,283;,
  3;285,284,286;,
  3;286,287,285;,
  3;287,286,288;,
  3;289,273,290;,
  3;273,289,271;,
  3;291,292,293;,
  3;292,291,294;,
  3;294,295,292;,
  3;295,294,296;,
  3;296,297,295;,
  3;297,296,298;,
  3;298,293,297;,
  3;293,298,291;,
  3;299,300,301;,
  3;300,299,302;,
  3;302,303,300;,
  3;303,302,304;,
  3;304,305,303;,
  3;305,304,306;,
  3;306,301,305;,
  3;301,306,299;,
  3;307,308,309;,
  3;310,311,312;,
  3;313,314,315;,
  3;316,317,318;,
  3;319,320,321;,
  3;320,319,322;,
  3;323,324,325;,
  3;324,323,326;,
  3;327,325,328;,
  3;325,327,323;,
  3;322,328,320;,
  3;328,322,327;,
  3;329,330,331;,
  3;330,329,332;,
  3;333,331,334;,
  3;331,333,329;,
  3;335,334,336;,
  3;334,335,333;,
  3;337,336,338;,
  3;336,337,335;,
  3;339,322,319;,
  3;322,339,340;,
  3;341,326,323;,
  3;326,341,342;,
  3;343,323,327;,
  3;323,343,341;,
  3;340,327,322;,
  3;327,340,343;,
  3;344,332,329;,
  3;332,344,345;,
  3;346,329,333;,
  3;329,346,344;,
  3;347,333,335;,
  3;333,347,346;,
  3;348,335,337;,
  3;335,348,347;,
  3;349,340,339;,
  3;340,349,350;,
  3;351,342,341;,
  3;342,351,352;,
  3;353,341,343;,
  3;341,353,351;,
  3;350,343,340;,
  3;343,350,353;,
  3;350,345,344;,
  3;345,350,349;,
  3;353,344,346;,
  3;344,353,350;,
  3;351,346,347;,
  3;346,351,353;,
  3;352,347,348;,
  3;347,352,351;,
  3;354,355,356;,
  3;355,354,357;,
  3;358,359,360;,
  3;359,358,361;,
  3;362,359,363;,
  3;359,362,360;,
  3;364,365,366;,
  3;367,368,369;,
  3;356,358,354;,
  3;358,356,361;,
  3;354,370,357;,
  3;370,354,371;,
  3;362,372,360;,
  3;372,362,373;,
  3;360,374,358;,
  3;374,360,372;,
  3;358,371,354;,
  3;371,358,374;,
  3;371,375,370;,
  3;375,371,376;,
  3;373,377,372;,
  3;377,373,378;,
  3;372,379,374;,
  3;379,372,377;,
  3;374,376,371;,
  3;376,374,379;,
  3;376,380,375;,
  3;380,376,381;,
  3;378,382,377;,
  3;382,378,383;,
  3;377,384,379;,
  3;384,377,382;,
  3;379,381,376;,
  3;381,379,384;,
  3;381,385,380;,
  3;385,381,386;,
  3;383,387,382;,
  3;387,383,388;,
  3;382,389,384;,
  3;389,382,387;,
  3;384,386,381;,
  3;386,384,389;,
  3;386,390,385;,
  3;390,386,391;,
  3;388,392,387;,
  3;392,388,393;,
  3;387,394,389;,
  3;394,387,392;,
  3;389,391,386;,
  3;391,389,394;,
  3;391,395,390;,
  3;395,391,396;,
  3;393,397,392;,
  3;397,393,398;,
  3;392,399,394;,
  3;399,392,397;,
  3;394,396,391;,
  3;396,394,399;,
  3;396,400,395;,
  3;400,396,401;,
  3;398,402,397;,
  3;402,398,403;,
  3;397,404,399;,
  3;404,397,402;,
  3;399,401,396;,
  3;401,399,404;,
  3;405,406,407;,
  3;408,409,410;,
  3;411,412,413;,
  3;414,415,416;,
  3;417,418,419;,
  3;420,421,422;,
  3;423,424,425;,
  3;426,427,428;,
  3;429,430,431;,
  3;430,429,432;,
  3;433,434,435;,
  3;434,433,436;,
  3;429,437,438;,
  3;437,429,431;,
  3;433,439,440;,
  3;439,433,435;,
  3;435,441,439;,
  3;441,435,442;,
  3;442,438,441;,
  3;438,442,429;,
  3;438,443,444;,
  3;443,438,437;,
  3;440,445,446;,
  3;445,440,439;,
  3;439,447,445;,
  3;447,439,441;,
  3;441,444,447;,
  3;444,441,438;,
  3;444,448,449;,
  3;448,444,443;,
  3;446,450,451;,
  3;450,446,445;,
  3;445,452,450;,
  3;452,445,447;,
  3;447,449,452;,
  3;449,447,444;,
  3;449,453,454;,
  3;453,449,448;,
  3;451,455,456;,
  3;455,451,450;,
  3;450,457,455;,
  3;457,450,452;,
  3;452,454,457;,
  3;454,452,449;,
  3;454,458,459;,
  3;458,454,453;,
  3;456,460,461;,
  3;460,456,455;,
  3;455,462,460;,
  3;462,455,457;,
  3;457,459,462;,
  3;459,457,454;,
  3;459,463,464;,
  3;463,459,458;,
  3;461,465,466;,
  3;465,461,460;,
  3;460,467,465;,
  3;467,460,462;,
  3;462,464,467;,
  3;464,462,459;,
  3;464,468,469;,
  3;468,464,463;,
  3;466,470,471;,
  3;470,466,465;,
  3;465,472,470;,
  3;472,465,467;,
  3;467,469,472;,
  3;469,467,464;,
  3;473,474,475;,
  3;476,477,478;,
  3;479,480,481;,
  3;482,483,484;,
  3;485,486,487;,
  3;488,489,490;,
  3;491,492,493;,
  3;494,495,496;,
  3;497,498,499;,
  3;500,501,502;,
  3;503,504,505;,
  3;506,507,508;;

  MeshNormals {
   509;
   -0.797999;0.309917;0.516865;,
   -0.827449;-0.092763;0.553826;,
   -0.590359;0.228231;0.774200;,
   -0.926959;0.208946;0.311591;,
   -0.668832;-0.305914;0.677555;,
   -0.433981;0.044406;0.899827;,
   -0.316610;-0.569461;0.758599;,
   -0.294676;-0.358243;0.885905;,
   -0.166263;0.955671;-0.243002;,
   0.272163;0.600401;-0.751961;,
   -0.232877;0.759628;-0.607235;,
   0.305142;0.909393;-0.282655;,
   0.674298;0.298602;-0.675396;,
   0.779229;0.606679;-0.157295;,
   0.833221;0.081055;-0.546967;,
   0.953150;0.294480;-0.069189;,
   -0.171292;0.982471;-0.073547;,
   -0.509816;0.762189;-0.398944;,
   0.565038;-0.719895;0.403093;,
   0.785988;-0.590962;-0.181623;,
   -0.025046;-0.613444;0.789341;,
   0.582528;-0.714350;0.387770;,
   0.801220;-0.469908;0.370449;,
   0.596056;-0.709700;0.375557;,
   0.602633;-0.704738;0.374404;,
   0.598483;-0.708829;0.373336;,
   0.706967;-0.441086;0.552847;,
   0.622174;-0.699768;0.351034;,
   0.803147;-0.501364;0.321852;,
   0.755384;-0.623387;0.201952;,
   -0.345181;0.650844;0.676204;,
   -0.044439;0.934014;0.354461;,
   -0.527535;0.707515;0.470244;,
   -0.042165;0.933370;0.356430;,
   -0.016471;0.947863;0.318252;,
   -0.012545;0.948279;0.317191;,
   0.040746;0.961635;0.271290;,
   0.125364;0.936568;0.327300;,
   0.559161;0.534679;0.633606;,
   0.465620;0.667718;0.580819;,
   0.448615;0.693585;0.563634;,
   0.556008;0.537427;0.634056;,
   0.204482;0.898107;0.389348;,
   0.007716;0.978921;0.204094;,
   0.837290;0.440995;0.323215;,
   0.632234;0.730670;0.257684;,
   0.216641;0.969456;0.114988;,
   -0.979193;-0.015227;0.202358;,
   -0.910804;-0.354973;0.210786;,
   -0.778126;-0.552131;0.299451;,
   -0.526755;-0.685373;0.502785;,
   -0.393940;0.405755;-0.824727;,
   -0.080394;0.220802;-0.972000;,
   0.351033;-0.158105;-0.922919;,
   0.586183;-0.360944;-0.725334;,
   -0.483911;0.309564;-0.818536;,
   0.583328;-0.710250;0.394047;,
   -0.154065;-0.699694;0.697634;,
   0.663973;-0.744347;0.071331;,
   0.599019;-0.711197;0.367933;,
   0.458215;-0.880204;0.123612;,
   0.674793;-0.732163;0.092698;,
   -0.893928;-0.334942;-0.297836;,
   -0.655725;-0.157788;-0.738327;,
   -0.654532;-0.160632;-0.738773;,
   -0.954705;-0.054885;-0.292449;,
   -0.624480;-0.137911;-0.768768;,
   -0.621240;-0.138829;-0.771225;,
   -0.566618;-0.123124;-0.814730;,
   -0.519893;-0.215920;-0.826492;,
   -0.157506;-0.745339;-0.647813;,
   -0.264502;-0.636328;-0.724656;,
   -0.161354;-0.743828;-0.648602;,
   -0.281093;-0.609720;-0.741100;,
   -0.473656;-0.313092;-0.823179;,
   -0.566547;-0.046750;-0.822703;,
   0.240880;-0.624231;-0.743177;,
   -0.017012;-0.428924;-0.903180;,
   -0.332334;-0.079229;-0.939828;,
   0.803147;-0.501364;0.321852;,
   0.823199;-0.558888;0.099939;,
   0.863511;-0.445848;0.235728;,
   0.755384;-0.623387;0.201952;,
   0.732165;-0.681110;-0.004880;,
   0.674793;-0.732163;0.092698;,
   0.154469;-0.940618;-0.302287;,
   0.458215;-0.880204;0.123612;,
   -0.538348;-0.768581;-0.345636;,
   -0.558434;-0.759898;-0.332726;,
   -0.665206;-0.633391;-0.395369;,
   -0.734632;-0.544326;-0.404999;,
   -0.979744;-0.102352;-0.172123;,
   -0.983425;-0.092273;-0.156080;,
   -0.903697;0.400956;0.150224;,
   -0.898789;0.417957;0.132249;,
